

Unitig Length
label	sum	cummulative	cummulative   min  average  max
     	   	 sum       	 fraction
 1361689 - 1414166:      2 
  frags         6433       6433    0.55120     3146   3216   3287
  rs frag       6433       6433    0.55120     3146   3216   3287
  nr frag          0          0    0.00000        0      0      0
  bases      2775855    2775855    0.54574   1361689 1387927 1414166
  rho        2773947    2773947    0.55888   1360588 1386973 1413359
  arrival        863        863    0.07863      414    431    449
  discr         1972       1972    0.57044      876    986   1096

 335050 - 399793:      3 
  frags         2529       8962    0.76789      800    843    926
  rs frag       2529       8962    0.76789      800    843    926
  nr frag          0          0    0.00000        0      0      0
  bases      1100927    3876782    0.76218   335050 366975 399793
  rho        1096146    3870093    0.77973   332970 365382 398635
  arrival       1301       2164    0.19718      415    433    456
  discr          790       2762    0.79896      216    263    291

 119345 - 191450:      4 
  frags         1509      10471    0.89718      278    377    437
  rs frag       1509      10471    0.89718      278    377    437
  nr frag          0          0    0.00000        0      0      0
  bases       658244    4535026    0.89160   119345 164561 191450
  rho         651803    4521896    0.91105   117739 162950 190153
  arrival       1728       3892    0.35462      425    432    439
  discr          465       3227    0.93347       80    116    138

  64614 -  69436:      2 
  frags          307      10778    0.92349      147    153    160
  rs frag        307      10778    0.92349      147    153    160
  nr frag          0          0    0.00000        0      0      0
  bases       134050    4669076    0.91795    64614  67025  69436
  rho         129992    4651888    0.93724    61882  64996  68110
  arrival        855       4747    0.43253      389    427    466
  discr           89       3316    0.95921       33     44     56

  46749 -  49780:      3 
  frags          374      11152    0.95553      119    124    128
  rs frag        374      11152    0.95553      119    124    128
  nr frag          0          0    0.00000        0      0      0
  bases       145230    4814306    0.94650    46749  48410  49780
  rho         139960    4791848    0.96544    45870  46653  47331
  arrival       1133       5880    0.53576      364    377    401
  discr           66       3382    0.97830       19     22     27

  35981 -  39669:      2 
  frags          186      11338    0.97147       93     93     93
  rs frag        186      11338    0.97147       93     93     93
  nr frag          0          0    0.00000        0      0      0
  bases        75650    4889956    0.96138    35981  37825  39669
  rho          71269    4863117    0.97979    34922  35634  36347
  arrival        774       6654    0.60629      379    387    395
  discr           37       3419    0.98901       17     18     20

  23574 -  26285:      2 
  frags          106      11444    0.98055       48     53     58
  rs frag        106      11444    0.98055       48     53     58
  nr frag          0          0    0.00000        0      0      0
  bases        49859    4939815    0.97118    23574  24929  26285
  rho          47091    4910208    0.98928    22172  23545  24919
  arrival        908       7562    0.68902      437    454    471
  discr           36       3455    0.99942       18     18     18

  12480 -  18841:      3 
  frags          144      11588    0.99289       43     48     56
  rs frag        144      11588    0.99289       43     48     56
  nr frag          0          0    0.00000        0      0      0
  bases        46294    4986109    0.98028    12480  15431  18841
  rho          41868    4952076    0.99772    10519  13956  17994
  arrival        880       8442    0.76920      250    293    327
  discr           -1       3454    0.99913       -4      0      3

            9326:      1 
  frags            1      11589    0.99297        1      1      1
  rs frag          1      11589    0.99297        1      1      1
  nr frag          0          0    0.00000        0      0      0
  bases         9326    4995435    0.98211     9326   9326   9326
  rho              0    4952076    0.99772        0      0      0
  arrival          0       8442    0.76920        0      0      0
  discr            0       3454    0.99913        0      0      0

            8518:      1 
  frags            1      11590    0.99306        1      1      1
  rs frag          1      11590    0.99306        1      1      1
  nr frag          0          0    0.00000        0      0      0
  bases         8518    5003953    0.98379     8518   8518   8518
  rho              0    4952076    0.99772        0      0      0
  arrival          0       8442    0.76920        0      0      0
  discr            0       3454    0.99913        0      0      0

            7168:      1 
  frags            1      11591    0.99315        1      1      1
  rs frag          1      11591    0.99315        1      1      1
  nr frag          0          0    0.00000        0      0      0
  bases         7168    5011121    0.98520     7168   7168   7168
  rho              0    4952076    0.99772        0      0      0
  arrival          0       8442    0.76920        0      0      0
  discr            0       3454    0.99913        0      0      0

   4218 -   4312:      3 
  frags           27      11618    0.99546        4      9     15
  rs frag         27      11618    0.99546        4      9     15
  nr frag          0          0    0.00000        0      0      0
  bases        12821    5023942    0.98772     4218   4273   4312
  rho           7822    4959898    0.99929     2095   2607   2996
  arrival       1321       9763    0.88957      195    440    698
  discr            1       3455    0.99942       -3      0      2

            3139:      1 
  frags            4      11622    0.99580        4      4      4
  rs frag          4      11622    0.99580        4      4      4
  nr frag          0          0    0.00000        0      0      0
  bases         3139    5027081    0.98834     3139   3139   3139
  rho           1469    4961367    0.99959     1469   1469   1469
  arrival        489      10252    0.93412      489    489    489
  discr            1       3456    0.99971        1      1      1

   2007 -   2933:      9 
  frags           13      11635    0.99692        1      1      5
  rs frag         13      11635    0.99692        1      1      5
  nr frag          0          0    0.00000        0      0      0
  bases        20304    5047385    0.99233     2007   2256   2933
  rho           1751    4963118    0.99994        0    194   1751
  arrival        437      10689    0.97394        0     48    437
  discr            1       3457    1.00000        0      0      1

   1006 -   1868:     19 
  frags           20      11655    0.99863        1      1      2
  rs frag         20      11655    0.99863        1      1      2
  nr frag          0          0    0.00000        0      0      0
  bases        26079    5073464    0.99745     1006   1372   1868
  rho            286    4963404    1.00000        0     15    286
  arrival        286      10975    1.00000        0     15    286
  discr            0       3457    1.00000        0      0      0

    901 -    966:      4 
  frags            4      11659    0.99897        1      1      1
  rs frag          4      11659    0.99897        1      1      1
  nr frag          0          0    0.00000        0      0      0
  bases         3786    5077250    0.99820      901    946    966
  rho              0    4963404    1.00000        0      0      0
  arrival          0      10975    1.00000        0      0      0
  discr            0       3457    1.00000        0      0      0

    826 -    888:      4 
  frags            4      11663    0.99931        1      1      1
  rs frag          4      11663    0.99931        1      1      1
  nr frag          0          0    0.00000        0      0      0
  bases         3425    5080675    0.99887      826    856    888
  rho              0    4963404    1.00000        0      0      0
  arrival          0      10975    1.00000        0      0      0
  discr            0       3457    1.00000        0      0      0

    705 -    783:      6 
  frags            6      11669    0.99983        1      1      1
  rs frag          6      11669    0.99983        1      1      1
  nr frag          0          0    0.00000        0      0      0
  bases         4409    5085084    0.99974      705    734    783
  rho              0    4963404    1.00000        0      0      0
  arrival          0      10975    1.00000        0      0      0
  discr            0       3457    1.00000        0      0      0

    636 -    693:      2 
  frags            2      11671    1.00000        1      1      1
  rs frag          2      11671    1.00000        1      1      1
  nr frag          0          0    0.00000        0      0      0
  bases         1329    5086413    1.00000      636    664    693
  rho              0    4963404    1.00000        0      0      0
  arrival          0      10975    1.00000        0      0      0
  discr            0       3457    1.00000        0      0      0



Unitig Coverage Stat
label	sum	cummulative	cummulative   min  average  max
     	   	 sum       	 fraction
            1096:      1 
  frags         3146       3146    0.26956     3146   3146   3146
  rs frag       3146       3146    0.26956     3146   3146   3146
  nr frag          0          0    0.00000        0      0      0
  bases      1414166    1414166    0.27803   1414166 1414166 1414166
  rho        1413359    1413359    0.28476   1413359 1413359 1413359
  arrival        449        449    0.04091      449    449    449
  discr         1096       1096    0.31704     1096   1096   1096

             876:      1 
  frags         3287       6433    0.55120     3287   3287   3287
  rs frag       3287       6433    0.55120     3287   3287   3287
  nr frag          0          0    0.00000        0      0      0
  bases      1361689    2775855    0.54574   1361689 1361689 1361689
  rho        1360588    2773947    0.55888   1360588 1360588 1360588
  arrival        414        863    0.07863      414    414    414
  discr          876       1972    0.57044      876    876    876

    216 -    291:      3 
  frags         2529       8962    0.76789      800    843    926
  rs frag       2529       8962    0.76789      800    843    926
  nr frag          0          0    0.00000        0      0      0
  bases      1100927    3876782    0.76218   335050 366975 399793
  rho        1096146    3870093    0.77973   332970 365382 398635
  arrival       1301       2164    0.19718      415    433    456
  discr          790       2762    0.79896      216    263    291

    111 -    138:      3 
  frags         1231      10193    0.87336      373    410    437
  rs frag       1231      10193    0.87336      373    410    437
  nr frag          0          0    0.00000        0      0      0
  bases       538899    4415681    0.86813   161800 179633 191450
  rho         534064    4404157    0.88733   159505 178021 190153
  arrival       1303       3467    0.31590      428    434    439
  discr          385       3147    0.91033      111    128    138

              80:      1 
  frags          278      10471    0.89718      278    278    278
  rs frag        278      10471    0.89718      278    278    278
  nr frag          0          0    0.00000        0      0      0
  bases       119345    4535026    0.89160   119345 119345 119345
  rho         117739    4521896    0.91105   117739 117739 117739
  arrival        425       3892    0.35462      425    425    425
  discr           80       3227    0.93347       80     80     80

              56:      1 
  frags          147      10618    0.90978      147    147    147
  rs frag        147      10618    0.90978      147    147    147
  nr frag          0          0    0.00000        0      0      0
  bases        69436    4604462    0.90525    69436  69436  69436
  rho          68110    4590006    0.92477    68110  68110  68110
  arrival        466       4358    0.39708      466    466    466
  discr           56       3283    0.94967       56     56     56

              33:      1 
  frags          160      10778    0.92349      160    160    160
  rs frag        160      10778    0.92349      160    160    160
  nr frag          0          0    0.00000        0      0      0
  bases        64614    4669076    0.91795    64614  64614  64614
  rho          61882    4651888    0.93724    61882  61882  61882
  arrival        389       4747    0.43253      389    389    389
  discr           33       3316    0.95921       33     33     33

     20 -     27:      3 
  frags          340      11118    0.95262       93    113    128
  rs frag        340      11118    0.95262       93    113    128
  nr frag          0          0    0.00000        0      0      0
  bases       138150    4807226    0.94511    39669  46050  49780
  rho         130437    4782325    0.96352    36347  43479  47331
  arrival       1164       5911    0.53859      368    388    401
  discr           67       3383    0.97859       20     22     27

     17 -     19:      4 
  frags          326      11444    0.98055       48     81    127
  rs frag        326      11444    0.98055       48     81    127
  nr frag          0          0    0.00000        0      0      0
  bases       132589    4939815    0.97118    23574  33147  46749
  rho         127883    4910208    0.98928    22172  31970  45870
  arrival       1651       7562    0.68902      364    412    471
  discr           72       3455    0.99942       17     18     19

               3:      1 
  frags           56      11500    0.98535       56     56     56
  rs frag         56      11500    0.98535       56     56     56
  nr frag          0          0    0.00000        0      0      0
  bases        18841    4958656    0.97488    18841  18841  18841
  rho          17994    4928202    0.99291    17994  17994  17994
  arrival        327       7889    0.71882      327    327    327
  discr            3       3458    1.00029        3      3      3

               2:      2 
  frags           12      11512    0.98638        4      6      8
  rs frag         12      11512    0.98638        4      6      8
  nr frag          0          0    0.00000        0      0      0
  bases         8603    4967259    0.97657     4291   4301   4312
  rho           5091    4933293    0.99393     2095   2545   2996
  arrival       1126       9015    0.82141      428    563    698
  discr            4       3462    1.00145        2      2      2

               1:      2 
  frags            9      11521    0.98715        4      4      5
  rs frag          9      11521    0.98715        4      4      5
  nr frag          0          0    0.00000        0      0      0
  bases         5795    4973054    0.97771     2656   2897   3139
  rho           3220    4936513    0.99458     1469   1610   1751
  arrival        926       9941    0.90579      437    463    489
  discr            2       3464    1.00202        1      1      1

               0:     47 
  frags           92      11613    0.99503        1      1     45
  rs frag         92      11613    0.99503        1      1     45
  nr frag          0          0    0.00000        0      0      0
  bases        96661    5069715    0.99672      636   2056  14973
  rho          13641    4950154    0.99733        0    290  13355
  arrival        589      10530    0.95945        0     12    303
  discr            0       3464    1.00202        0      0      0

              -3:      1 
  frags           15      11628    0.99632       15     15     15
  rs frag         15      11628    0.99632       15     15     15
  nr frag          0          0    0.00000        0      0      0
  bases         4218    5073933    0.99755     4218   4218   4218
  rho           2731    4952885    0.99788     2731   2731   2731
  arrival        195      10725    0.97722      195    195    195
  discr           -3       3461    1.00116       -3     -3     -3

              -4:      1 
  frags           43      11671    1.00000       43     43     43
  rs frag         43      11671    1.00000       43     43     43
  nr frag          0          0    0.00000        0      0      0
  bases        12480    5086413    1.00000    12480  12480  12480
  rho          10519    4963404    1.00000    10519  10519  10519
  arrival        250      10975    1.00000      250    250    250
  discr           -4       3457    1.00000       -4     -4     -4



Unitig Arrival Distance
label	sum	cummulative	cummulative   min  average  max
     	   	 sum       	 fraction
             698:      1 
  frags            4          4    0.00034        4      4      4
  rs frag          4          4    0.00034        4      4      4
  nr frag          0          0    0.00000        0      0      0
  bases         4312       4312    0.00085     4312   4312   4312
  rho           2095       2095    0.00042     2095   2095   2095
  arrival        698        698    0.06360      698    698    698
  discr            2          2    0.00058        2      2      2

    401 -    489:     16 
  frags        10860      10864    0.93085        4    678   3287
  rs frag      10860      10864    0.93085        4    678   3287
  nr frag          0          0    0.00000        0      0      0
  bases      4714187    4718499    0.92767     2656 294636 1414166
  rho        4690644    4692739    0.94547     1469 293165 1413359
  arrival       7021       7719    0.70333      401    438    489
  discr         3350       3352    0.96963        1    209   1096

    303 -    395:      7 
  frags          702      11566    0.99100       45    100    160
  rs frag        702      11566    0.99100       45    100    160
  nr frag          0          0    0.00000        0      0      0
  bases       269528    4988027    0.98066    14973  38504  64614
  rho         257129    4949868    0.99727    13355  36732  61882
  arrival       2525      10244    0.93339      303    360    395
  discr          112       3464    1.00202        0     16     33

    250 -    286:      2 
  frags           45      11611    0.99486        2     22     43
  rs frag         45      11611    0.99486        2     22     43
  nr frag          0          0    0.00000        0      0      0
  bases        13859    5001886    0.98338     1379   6929  12480
  rho          10805    4960673    0.99945      286   5402  10519
  arrival        536      10780    0.98223      250    268    286
  discr           -4       3460    1.00087       -4     -2      0

             195:      1 
  frags           15      11626    0.99614       15     15     15
  rs frag         15      11626    0.99614       15     15     15
  nr frag          0          0    0.00000        0      0      0
  bases         4218    5006104    0.98421     4218   4218   4218
  rho           2731    4963404    1.00000     2731   2731   2731
  arrival        195      10975    1.00000      195    195    195
  discr           -3       3457    1.00000       -3     -3     -3

               0:     45 
  frags           45      11671    1.00000        1      1      1
  rs frag         45      11671    1.00000        1      1      1
  nr frag          0          0    0.00000        0      0      0
  bases        80309    5086413    1.00000      636   1784   9326
  rho              0    4963404    1.00000        0      0      0
  arrival          0      10975    1.00000        0      0      0
  discr            0       3457    1.00000        0      0      0

