

Unitig Length
label	sum	cummulative	cummulative   min  average  max
     	   	 sum       	 fraction
 1408291 - 1414129:      2 
  frags         6550       6550    0.56122     3144   3275   3406
  rs frag       6550       6550    0.56122     3144   3275   3406
  nr frag          0          0    0.00000        0      0      0
  bases      2822420    2822420    0.54298   1408291 1411210 1414129
  rho        2820250    2820250    0.57020   1406952 1410125 1413298
  arrival        862        862    0.10436      413    431    449
  discr         2008       2008    0.57668      906   1004   1102

 335050 - 399793:      3 
  frags         2521       9071    0.77723      792    840    926
  rs frag       2521       9071    0.77723      792    840    926
  nr frag          0          0    0.00000        0      0      0
  bases      1096905    3919325    0.75400   335050 365635 399793
  rho        1091494    3911744    0.79088   332971 363831 398638
  arrival       1299       2161    0.26162      415    433    454
  discr          788       2796    0.80299      217    262    287

          226904:      1 
  frags          528       9599    0.82247      528    528    528
  rs frag        528       9599    0.82247      528    528    528
  nr frag          0          0    0.00000        0      0      0
  bases       226904    4146229    0.79766   226904 226904 226904
  rho         225689    4137433    0.83651   225689 225689 225689
  arrival        428       2589    0.31344      428    428    428
  discr          158       2954    0.84836      158    158    158

 119347 - 188100:      3 
  frags         1075      10674    0.91457      278    358    425
  rs frag       1075      10674    0.91457      278    358    425
  nr frag          0          0    0.00000        0      0      0
  bases       469248    4615477    0.88793   119347 156416 188100
  rho         464120    4601553    0.93034   117737 154706 186878
  arrival       1294       3883    0.47010      425    431    440
  discr          333       3287    0.94400       81    111    139

           69436:      1 
  frags          147      10821    0.92717      147    147    147
  rs frag        147      10821    0.92717      147    147    147
  nr frag          0          0    0.00000        0      0      0
  bases        69436    4684913    0.90129    69436  69436  69436
  rho          68110    4669663    0.94412    68110  68110  68110
  arrival        466       4349    0.52651      466    466    466
  discr           56       3343    0.96008       56     56     56

           58000:      1 
  frags          123      10944    0.93771      123    123    123
  rs frag        123      10944    0.93771      123    123    123
  nr frag          0          0    0.00000        0      0      0
  bases        58000    4742913    0.91245    58000  58000  58000
  rho          56331    4725994    0.95550    56331  56331  56331
  arrival        461       4810    0.58232      461    461    461
  discr           46       3389    0.97329       46     46     46

  46752 -  49780:      2 
  frags          244      11188    0.95862      117    122    127
  rs frag        244      11188    0.95862      117    122    127
  nr frag          0          0    0.00000        0      0      0
  bases        96532    4839445    0.93102    46752  48266  49780
  rho          93111    4819105    0.97433    45871  46555  47240
  arrival        771       5581    0.67567      364    385    407
  discr           48       3437    0.98708       19     24     29

           33750:      1 
  frags           85      11273    0.96590       85     85     85
  rs frag         85      11273    0.96590       85     85     85
  nr frag          0          0    0.00000        0      0      0
  bases        33750    4873195    0.93751    33750  33750  33750
  rho          32562    4851667    0.98091    32562  32562  32562
  arrival        387       5968    0.72252      387    387    387
  discr           17       3454    0.99196       17     17     17

  23596 -  25994:      2 
  frags          104      11377    0.97481       48     52     56
  rs frag        104      11377    0.97481       48     52     56
  nr frag          0          0    0.00000        0      0      0
  bases        49590    4922785    0.94705    23596  24795  25994
  rho          46355    4898022    0.99028    22180  23177  24175
  arrival        910       6878    0.83269      439    455    471
  discr           36       3490    1.00230       18     18     18

  10047 -  18841:      4 
  frags          145      11522    0.98723        1     36     56
  rs frag        145      11522    0.98723        1     36     56
  nr frag          0          0    0.00000        0      0      0
  bases        56342    4979127    0.95789    10047  14085  18841
  rho          41868    4939890    0.99875        0  10467  17994
  arrival        880       7758    0.93923        0    220    327
  discr           -1       3489    1.00201       -4      0      3

            9326:      1 
  frags            1      11523    0.98732        1      1      1
  rs frag          1      11523    0.98732        1      1      1
  nr frag          0          0    0.00000        0      0      0
  bases         9326    4988453    0.95969     9326   9326   9326
  rho              0    4939890    0.99875        0      0      0
  arrival          0       7758    0.93923        0      0      0
  discr            0       3489    1.00201        0      0      0

            8518:      1 
  frags            1      11524    0.98740        1      1      1
  rs frag          1      11524    0.98740        1      1      1
  nr frag          0          0    0.00000        0      0      0
  bases         8518    4996971    0.96132     8518   8518   8518
  rho              0    4939890    0.99875        0      0      0
  arrival          0       7758    0.93923        0      0      0
  discr            0       3489    1.00201        0      0      0

   7153 -   7557:      3 
  frags           32      11556    0.99015        1     10     30
  rs frag         32      11556    0.99015        1     10     30
  nr frag          0          0    0.00000        0      0      0
  bases        21878    5018849    0.96553     7153   7292   7557
  rho           5561    4945451    0.99987        0   1853   5561
  arrival        191       7949    0.96235        0     63    191
  discr           -7       3482    1.00000       -7     -2      0

   4004 -   4579:      5 
  frags            5      11561    0.99057        1      1      1
  rs frag          5      11561    0.99057        1      1      1
  nr frag          0          0    0.00000        0      0      0
  bases        20796    5039645    0.96953     4004   4159   4579
  rho              0    4945451    0.99987        0      0      0
  arrival          0       7949    0.96235        0      0      0
  discr            0       3482    1.00000        0      0      0

   3011 -   3655:     10 
  frags           10      11571    0.99143        1      1      1
  rs frag         10      11571    0.99143        1      1      1
  nr frag          0          0    0.00000        0      0      0
  bases        32247    5071892    0.97574     3011   3224   3655
  rho              0    4945451    0.99987        0      0      0
  arrival          0       7949    0.96235        0      0      0
  discr            0       3482    1.00000        0      0      0

   2007 -   2933:     16 
  frags           16      11587    0.99280        1      1      1
  rs frag         16      11587    0.99280        1      1      1
  nr frag          0          0    0.00000        0      0      0
  bases        36426    5108318    0.98274     2007   2276   2933
  rho              0    4945451    0.99987        0      0      0
  arrival          0       7949    0.96235        0      0      0
  discr            0       3482    1.00000        0      0      0

   1006 -   1918:     41 
  frags           43      11630    0.99649        1      1      3
  rs frag         43      11630    0.99649        1      1      3
  nr frag          0          0    0.00000        0      0      0
  bases        57518    5165836    0.99381     1006   1402   1918
  rho            623    4946074    1.00000        0     15    623
  arrival        311       8260    1.00000        0      7    311
  discr            0       3482    1.00000        0      0      0

    901 -    996:      8 
  frags            8      11638    0.99717        1      1      1
  rs frag          8      11638    0.99717        1      1      1
  nr frag          0          0    0.00000        0      0      0
  bases         7560    5173396    0.99526      901    945    996
  rho              0    4946074    1.00000        0      0      0
  arrival          0       8260    1.00000        0      0      0
  discr            0       3482    1.00000        0      0      0

    807 -    888:     11 
  frags           11      11649    0.99812        1      1      1
  rs frag         11      11649    0.99812        1      1      1
  nr frag          0          0    0.00000        0      0      0
  bases         9206    5182602    0.99704      807    836    888
  rho              0    4946074    1.00000        0      0      0
  arrival          0       8260    1.00000        0      0      0
  discr            0       3482    1.00000        0      0      0

    705 -    783:     11 
  frags           11      11660    0.99906        1      1      1
  rs frag         11      11660    0.99906        1      1      1
  nr frag          0          0    0.00000        0      0      0
  bases         8180    5190782    0.99861      705    743    783
  rho              0    4946074    1.00000        0      0      0
  arrival          0       8260    1.00000        0      0      0
  discr            0       3482    1.00000        0      0      0

    632 -    698:     11 
  frags           11      11671    1.00000        1      1      1
  rs frag         11      11671    1.00000        1      1      1
  nr frag          0          0    0.00000        0      0      0
  bases         7228    5198010    1.00000      632    657    698
  rho              0    4946074    1.00000        0      0      0
  arrival          0       8260    1.00000        0      0      0
  discr            0       3482    1.00000        0      0      0



Unitig Coverage Stat
label	sum	cummulative	cummulative   min  average  max
     	   	 sum       	 fraction
            1102:      1 
  frags         3144       3144    0.26939     3144   3144   3144
  rs frag       3144       3144    0.26939     3144   3144   3144
  nr frag          0          0    0.00000        0      0      0
  bases      1414129    1414129    0.27205   1414129 1414129 1414129
  rho        1413298    1413298    0.28574   1413298 1413298 1413298
  arrival        449        449    0.05436      449    449    449
  discr         1102       1102    0.31648     1102   1102   1102

             906:      1 
  frags         3406       6550    0.56122     3406   3406   3406
  rs frag       3406       6550    0.56122     3406   3406   3406
  nr frag          0          0    0.00000        0      0      0
  bases      1408291    2822420    0.54298   1408291 1408291 1408291
  rho        1406952    2820250    0.57020   1406952 1406952 1406952
  arrival        413        862    0.10436      413    413    413
  discr          906       2008    0.57668      906    906    906

    217 -    287:      3 
  frags         2521       9071    0.77723      792    840    926
  rs frag       2521       9071    0.77723      792    840    926
  nr frag          0          0    0.00000        0      0      0
  bases      1096905    3919325    0.75400   335050 365635 399793
  rho        1091494    3911744    0.79088   332971 363831 398638
  arrival       1299       2161    0.26162      415    433    454
  discr          788       2796    0.80299      217    262    287

    113 -    158:      3 
  frags         1325      10396    0.89075      372    441    528
  rs frag       1325      10396    0.89075      372    441    528
  nr frag          0          0    0.00000        0      0      0
  bases       576805    4496130    0.86497   161801 192268 226904
  rho         572072    4483816    0.90654   159505 190690 225689
  arrival       1297       3458    0.41864      428    432    440
  discr          410       3206    0.92074      113    136    158

              81:      1 
  frags          278      10674    0.91457      278    278    278
  rs frag        278      10674    0.91457      278    278    278
  nr frag          0          0    0.00000        0      0      0
  bases       119347    4615477    0.88793   119347 119347 119347
  rho         117737    4601553    0.93034   117737 117737 117737
  arrival        425       3883    0.47010      425    425    425
  discr           81       3287    0.94400       81     81     81

              56:      1 
  frags          147      10821    0.92717      147    147    147
  rs frag        147      10821    0.92717      147    147    147
  nr frag          0          0    0.00000        0      0      0
  bases        69436    4684913    0.90129    69436  69436  69436
  rho          68110    4669663    0.94412    68110  68110  68110
  arrival        466       4349    0.52651      466    466    466
  discr           56       3343    0.96008       56     56     56

              46:      1 
  frags          123      10944    0.93771      123    123    123
  rs frag        123      10944    0.93771      123    123    123
  nr frag          0          0    0.00000        0      0      0
  bases        58000    4742913    0.91245    58000  58000  58000
  rho          56331    4725994    0.95550    56331  56331  56331
  arrival        461       4810    0.58232      461    461    461
  discr           46       3389    0.97329       46     46     46

              29:      1 
  frags          117      11061    0.94773      117    117    117
  rs frag        117      11061    0.94773      117    117    117
  nr frag          0          0    0.00000        0      0      0
  bases        49780    4792693    0.92202    49780  49780  49780
  rho          47240    4773234    0.96506    47240  47240  47240
  arrival        407       5217    0.63160      407    407    407
  discr           29       3418    0.98162       29     29     29

     17 -     19:      4 
  frags          316      11377    0.97481       48     79    127
  rs frag        316      11377    0.97481       48     79    127
  nr frag          0          0    0.00000        0      0      0
  bases       130092    4922785    0.94705    23596  32523  46752
  rho         124788    4898022    0.99028    22180  31197  45871
  arrival       1661       6878    0.83269      364    415    471
  discr           72       3490    1.00230       17     18     19

               3:      1 
  frags           56      11433    0.97961       56     56     56
  rs frag         56      11433    0.97961       56     56     56
  nr frag          0          0    0.00000        0      0      0
  bases        18841    4941626    0.95068    18841  18841  18841
  rho          17994    4916016    0.99392    17994  17994  17994
  arrival        327       7205    0.87228      327    327    327
  discr            3       3493    1.00316        3      3      3

               0:    119 
  frags          165      11598    0.99375        1      1     45
  rs frag        165      11598    0.99375        1      1     45
  nr frag          0          0    0.00000        0      0      0
  bases       236346    5177972    0.99615      632   1986  14973
  rho          13978    4929994    0.99675        0    117  13355
  arrival        614       7819    0.94661        0      5    311
  discr            0       3493    1.00316        0      0      0

              -4:      1 
  frags           43      11641    0.99743       43     43     43
  rs frag         43      11641    0.99743       43     43     43
  nr frag          0          0    0.00000        0      0      0
  bases        12481    5190453    0.99855    12481  12481  12481
  rho          10519    4940513    0.99888    10519  10519  10519
  arrival        250       8069    0.97688      250    250    250
  discr           -4       3489    1.00201       -4     -4     -4

              -7:      1 
  frags           30      11671    1.00000       30     30     30
  rs frag         30      11671    1.00000       30     30     30
  nr frag          0          0    0.00000        0      0      0
  bases         7557    5198010    1.00000     7557   7557   7557
  rho           5561    4946074    1.00000     5561   5561   5561
  arrival        191       8260    1.00000      191    191    191
  discr           -7       3482    1.00000       -7     -7     -7



Unitig Arrival Distance
label	sum	cummulative	cummulative   min  average  max
     	   	 sum       	 fraction
    407 -    471:     14 
  frags        11165      11165    0.95664       48    797   3406
  rs frag      11165      11165    0.95664       48    797   3406
  nr frag          0          0    0.00000        0      0      0
  bases      4842283    4842283    0.93156    23596 345877 1414129
  rho        4819589    4819589    0.97443    22180 344256 1413298
  arrival       6127       6127    0.74177      407    437    471
  discr         3454       3454    0.99196       18    246   1102

    303 -    387:      5 
  frags          316      11481    0.98372        3     63    127
  rs frag        316      11481    0.98372        3     63    127
  nr frag          0          0    0.00000        0      0      0
  bases       116185    4958468    0.95392     1869  23237  46752
  rho         110405    4929994    0.99675      623  22081  45871
  arrival       1692       7819    0.94661      303    338    387
  discr           39       3493    1.00316        0      7     19

             250:      1 
  frags           43      11524    0.98740       43     43     43
  rs frag         43      11524    0.98740       43     43     43
  nr frag          0          0    0.00000        0      0      0
  bases        12481    4970949    0.95632    12481  12481  12481
  rho          10519    4940513    0.99888    10519  10519  10519
  arrival        250       8069    0.97688      250    250    250
  discr           -4       3489    1.00201       -4     -4     -4

             191:      1 
  frags           30      11554    0.98998       30     30     30
  rs frag         30      11554    0.98998       30     30     30
  nr frag          0          0    0.00000        0      0      0
  bases         7557    4978506    0.95777     7557   7557   7557
  rho           5561    4946074    1.00000     5561   5561   5561
  arrival        191       8260    1.00000      191    191    191
  discr           -7       3482    1.00000       -7     -7     -7

               0:    117 
  frags          117      11671    1.00000        1      1      1
  rs frag        117      11671    1.00000        1      1      1
  nr frag          0          0    0.00000        0      0      0
  bases       219504    5198010    1.00000      632   1876  10047
  rho              0    4946074    1.00000        0      0      0
  arrival          0       8260    1.00000        0      0      0
  discr            0       3482    1.00000        0      0      0

