48058 48058 N -1 -1 0.0 0.0
48058 48058 N 1 1 0.0 0.0
19712 19712 I -1 -1 0.0 0.0
19712 19712 I -1 -1 0.0 0.0
26133 26133 I 846 846 0.0 0.0
26133 26133 I 846 846 0.0 0.0
35393 35393 I 118 118 0.0 0.0
35393 35393 I 118 118 0.0 0.0
28102 28102 N -3 -3 0.0 0.0
28102 28102 N 3 3 0.0 0.0
12404 12404 N -3 -3 0.0 0.0
12404 12404 N 3 3 0.0 0.0
29340 29340 N -21 -21 0.0 0.0
29340 29340 N 21 21 0.0 0.0
20497 20497 N -41 -41 0.0 0.0
20497 20497 N 41 41 0.0 0.0
26510 26510 I 2 2 0.0 0.0
26510 26510 I 2 2 0.0 0.0
12245 12245 I 8 8 0.0 0.0
12245 12245 I 8 8 0.0 0.0
11394 11394 I -1 -1 0.0 0.0
11394 11394 I -1 -1 0.0 0.0
17505 17505 I 1 1 0.0 0.0
17505 17505 I 1 1 0.0 0.0
33677 33677 I 1 1 0.0 0.0
33677 33677 I 1 1 0.0 0.0
34300 34300 I 1 1 0.0 0.0
34300 34300 I 1 1 0.0 0.0
33215 33215 I 3 3 0.0 0.0
33215 33215 I 3 3 0.0 0.0
44870 44870 N -38 -38 0.0 0.0
44870 44870 N 38 38 0.0 0.0
49431 49431 I -6 -6 0.0 0.0
49431 49431 I -6 -6 0.0 0.0
23094 23094 I 2 2 0.0 0.0
23094 23094 I 2 2 0.0 0.0
34664 34664 I -5 -5 0.0 0.0
34664 34664 I -5 -5 0.0 0.0
17144 17144 I -2 -2 0.0 0.0
17144 17144 I -2 -2 0.0 0.0
29112 29112 N -153 -153 0.0 0.0
29112 29112 N 153 153 0.0 0.0
