1 S1_30984 23785 25575
1 S1_5747 45025 46643
1 S1_27787 20226 47820
1 S1_7853 15461 34239
1 S1_25788 23433 40576
1 S1_9397 6170 38661
1 S1_26845 4184 32660
1 S1_2284 11103 20773
2 S1_10143 11103 20773
1 S1_18188 9679 17562
1 S1_8233 27984 41984
1 S1_10794 7533 46295
1 S1_3749 18725 19041
1 S1_20396 15478 37696
1 S1_21501 40468 46226
1 S1_5148 40418 45297
1 S1_16319 25944 49597
1 S1_17165 21955 38910
1 S1_1022 18963 26136
1 S1_20109 15411 46472
1 S1_23498 45546 49505
1 S1_26596 2966 18772
1 S1_20626 2483 49760
1 S1_18730 11581 22341
1 S1_6151 8109 43824
1 S1_7992 29620 30388
1 S1_26648 9797 44336
1 S1_29170 11648 37032
1 S1_5437 294 4043
1 S1_32750 799 17886
1 S1_4404 9494 20080
1 S1_25227 28233 47156
1 S1_32644 4750 9755
1 S1_8044 8753 31700
1 S1_4894 397 16807
1 S1_32865 33495 43007
1 S1_33017 11561 40623
1 S1_27906 6249 22738
1 S1_19828 3473 48834
1 S1_14458 15032 16928
1 S1_7369 31051 46149
1 S1_20256 30560 43523
1 S1_15702 14072 29870
2 S1_21857 14072 29870
1 S1_2776 11151 40883
1 S1_4292 12524 23506
1 S1_6521 27208 31880
1 S1_11889 7297 42337
1 S1_17806 36135 47172
1 S1_448 706 18956
1 S1_12279 12410 27668
1 S1_4751 12590 46368
1 S1_5882 2561 42729
1 S1_10283 8070 45616
1 S1_3584 33096 45064
1 S1_25600 3396 15085
1 S1_30136 10089 47906
1 S1_17472 9006 22566
1 S1_18651 13108 16491
1 S1_31095 15790 19996
1 S1_3738 22992 31987
1 S1_16770 5679 28323
1 S1_18806 27355 36572
1 S1_105 11826 35456
1 S1_25135 1222 41504
1 S1_11890 31360 36414
1 S1_14620 14081 49528
1 S1_10120 22630 25102
1 S1_6428 4911 48947
1 S1_21609 8703 16350
1 S1_4282 11262 13918
1 S1_20175 2400 2463
1 S1_8545 12949 28576
1 S1_27364 26912 43562
1 S1_11743 19428 40413
1 S1_12557 22880 46526
1 S1_32188 710 31906
1 S1_26827 13536 18134
2 S1_5350 13536 18134
1 S1_5573 12892 36165
1 S1_18599 782 31356
1 S1_22743 39334 44077
1 S1_13492 15233 36542
2 S1_17953 15233 36542
1 S1_5241 4043 22626
1 S1_8211 36011 45706
1 S1_26573 9600 46201
1 S1_28080 33338 41786
1 S1_2969 2175 47309
1 S1_32920 7306 26585
1 S1_5727 358 8362
1 S1_9194 33368 39713
1 S1_31701 5904 49528
1 S1_9210 13825 41781
1 S1_5747 10071 21595
1 S1_11031 25954 29045
1 S1_28045 14196 25940
1 S1_30042 40510 41900
1 S1_18375 10887 28656
1 S1_23256 19481 27926
1 S1_13682 3562 19223
1 S1_16408 15210 36447
1 S1_10733 17345 44515
1 S1_32289 17251 50169
1 S1_18113 34757 37573
1 S1_27961 15026 17814
1 S1_12413 2882 15794
1 S1_27766 38128 38420
1 S1_32439 20420 48331
2 S1_29804 20420 48331
1 S1_16434 4043 21515
1 S1_22623 39678 43188
1 S1_23726 7940 30375
1 S1_9547 12028 20648
1 S1_4283 27818 36313
1 S1_23144 15786 40561
1 S1_24486 6124 32698
1 S1_5696 6631 33053
1 S1_3020 14906 19914
1 S1_7398 10752 17148
1 S1_5553 30998 31064
1 S1_8028 13984 19758
1 S1_774 17042 37830
1 S1_20906 5031 9585
1 S1_11689 34387 44254
1 S1_29600 3642 29529
1 S1_1553 24874 39760
1 S1_32824 25887 33405
1 S1_18973 16411 40096
1 S1_19285 36257 38073
1 S1_10875 11243 24446
1 S1_16539 23627 41149
1 S1_18601 19857 28222
1 S1_885 33472 47386
1 S1_15099 13171 48054
1 S1_32503 21433 37442
1 S1_10071 34478 42688
1 S1_30667 26962 34368
1 S1_9547 23720 26670
1 S1_16366 7463 7865
1 S1_15048 1385 18217
1 S1_21578 10141 22617
1 S1_29903 3711 33431
1 S1_31693 5720 28388
1 S1_24135 1962 38052
1 S1_18427 36676 38704
1 S1_19463 38286 39490
1 S1_9932 12798 21686
1 S1_1095 22138 42094
1 S1_20906 18347 22485
1 S1_18249 27739 47259
1 S1_32492 26749 30199
1 S1_5552 25977 37529
1 S1_9378 14379 44490
1 S1_17782 318 42802
1 S1_33173 5605 39067
1 S1_27153 2261 30833
1 S1_15788 33045 33892
1 S1_13022 5813 39100
1 S1_25569 38405 39927
1 S1_8525 8274 29494
1 S1_7485 10850 15983
1 S1_26551 36101 38566
1 S1_23711 5101 9534
1 S1_2395 38447 49620
1 S1_21623 13462 49844
1 S1_30972 28942 33856
1 S1_11157 20627 37555
1 S1_26997 40702 44813
1 S1_30972 44399 48263
1 S1_30129 30455 42185
1 S1_21517 20407 23620
2 S1_33401 20407 23620
1 S1_30731 4663 17560
1 S1_3273 864 16660
1 S1_29261 5662 25430
1 S1_21464 4414 16763
1 S1_8413 28618 28694
1 S1_22124 5137 8423
1 S1_20267 21755 50390
1 S1_6175 705 17414
1 S1_14841 2608 5445
1 S1_22552 7891 18477
1 S1_32958 32133 42893
1 S1_27454 44692 50086
1 S1_14155 16866 39158
1 S1_25745 4561 31570
1 S1_7225 12645 44504
1 S1_32256 1740 18091
1 S1_10599 16679 44006
1 S1_18694 11518 20922
1 S1_6573 26434 26730
1 S1_22061 41596 43185
1 S1_5528 3375 13791
1 S1_29573 12410 20160
2 S1_30421 12410 20160
1 S1_29749 28633 49484
1 S1_26203 17236 46156
1 S1_3605 3654 32988
1 S1_27223 21803 46830
1 S1_26648 391 28888
1 S1_26734 4148 22162
1 S1_14241 35463 43992
1 S1_27111 29944 46042
1 S1_3503 972 8852
1 S1_11663 34129 39299
1 S1_16973 5622 28919
1 S1_5226 4043 18171
1 S1_5072 7783 44277
1 S1_28450 12554 33700
1 S1_18162 37047 42983
2 S1_4269 37047 42983
1 S1_32603 20010 36678
1 S1_5549 7639 27842
1 S1_7759 32910 44799
1 S1_509 15103 19340
1 S1_17032 36415 40564
1 S1_27443 10588 21154
1 S1_16576 11152 40705
1 S1_20007 6904 30090
1 S1_8720 9203 18640
1 S1_10518 6898 23481
1 S1_22582 7012 47340
1 S1_13626 4851 9864
1 S1_24825 36964 39938
1 S1_11726 31290 42564
1 S1_6980 19816 44258
1 S1_20392 2709 48251
1 S1_31507 34728 36220
1 S1_4567 39096 39128
1 S1_10927 16341 24549
1 S1_17534 14494 41886
1 S1_13191 29673 40077
1 S1_29999 37599 50243
1 S1_16095 15263 22957
1 S1_6514 388 23952
1 S1_22319 28606 29559
1 S1_18736 20320 33424
1 S1_7374 8483 20520
1 S1_22084 12517 23328
1 S1_2219 20773 40933
1 S1_27123 1433 20773
1 S1_3566 14470 30072
1 S1_5390 9922 43454
1 S1_31449 22785 37492
1 S1_30052 34711 38977
1 S1_19398 6434 22778
1 S1_12283 395 24769
1 S1_245 8724 35779
1 S1_28332 9875 26862
1 S1_11890 31088 42796
1 S1_23105 16441 22947
1 S1_31382 16114 34110
1 S1_10225 1642 28806
1 S1_10561 16811 16942
1 S1_20621 24363 49225
1 S1_2263 4851 24527
1 S1_6883 9203 46713
1 S1_18916 28940 47885
1 S1_14123 8493 19813
1 S1_3651 25419 30870
1 S1_26753 7632 37791
1 S1_5671 12545 32980
1 S1_19592 36972 39053
1 S1_33401 14776 17088
1 S1_21358 775 27577
1 S1_24219 16665 49921
1 S1_29557 24177 28267
1 S1_9892 45474 49500
1 S1_32123 15850 36289
1 S1_8676 3442 19086
1 S1_16208 5833 6207
1 S1_3195 7463 44132
1 S1_10964 4134 24047
1 S1_20296 24212 48947
1 S1_446 16835 34742
1 S1_17772 18198 32293
1 S1_20926 4148 40375
1 S1_16489 10806 44587
1 S1_12 8844 44678
1 S1_22792 10957 38433
1 S1_24313 15720 16395
1 S1_5394 39266 49641
1 S1_27350 16185 42238
1 S1_29344 12045 12959
1 S1_8240 2790 43732
1 S1_4761 12822 27622
1 S1_24603 26625 43898
1 S1_4916 20322 37308
1 S1_28002 20061 32356
1 S1_29429 10220 17776
1 S1_16390 35607 49207
1 S1_1974 23550 28678
1 S1_11422 7997 26706
1 S1_3907 8916 17773
1 S1_29317 7717 31688
1 S1_69 13875 36730
1 S1_9522 6914 13422
1 S1_8331 23798 33418
1 S1_29402 39840 43479
1 S1_12889 4171 48069
1 S1_2515 13555 27258
1 S1_13875 11531 30457
1 S1_11699 8910 47158
1 S1_28896 24364 27537
1 S1_18898 2941 4679
1 S1_2572 15366 19503
1 S1_11217 1438 4555
1 S1_19325 5754 18296
1 S1_29345 14124 16738
1 S1_4350 6036 11374
1 S1_3754 4774 5127
1 S1_32933 24151 26333
1 S1_9033 18487 31221
1 S1_10378 15087 47199
1 S1_27843 17745 19518
1 S1_16862 7013 37786
1 S1_14250 36906 42038
1 S1_31411 9429 49845
1 S1_12978 36611 39859
1 S1_24297 43691 46573
2 S1_9296 43691 46573
1 S1_210 47675 49373
1 S1_25747 10677 32649
1 S1_8638 8922 13331
1 S1_6722 40153 41788
1 S1_17250 21960 50009
2 S1_12359 21960 50009
1 S1_15765 13535 50171
1 S1_30870 6935 9493
1 S1_17369 7164 37377
1 S1_25975 12217 34852
1 S1_10032 30307 41884
1 S1_20036 17748 34612
1 S1_8055 26715 48583
1 S1_26951 3707 41144
1 S1_23731 3696 23765
1 S1_16596 11322 46518
1 S1_28494 22341 32144
1 S1_7210 27923 34401
1 S1_544 238 20263
1 S1_6948 21025 34417
1 S1_28096 41668 48111
1 S1_2866 28725 34788
1 S1_22474 37297 49394
1 S1_21532 14086 25515
1 S1_7880 19464 34483
1 S1_20449 21226 25475
1 S1_245 19314 23502
1 S1_3894 44924 47667
1 S1_6981 12057 17220
1 S1_2111 14878 21588
1 S1_24993 22696 33733
1 S1_27709 11916 20967
1 S1_24415 12521 31483
1 S1_4524 6609 44375
1 S1_11336 39025 39448
2 S1_31695 39025 39448
1 S1_31119 8726 9849
1 S1_14441 9474 25763
1 S1_21144 33803 35261
1 S1_5282 38503 48940
1 S1_5241 36131 45670
1 S1_32309 5239 37480
1 S1_7970 9192 28653
1 S1_24367 1474 37067
1 S1_29854 10708 11407
1 S1_17985 12776 48636
1 S1_16280 10797 31369
2 S1_27015 10797 31369
1 S1_18594 4042 50125
1 S1_12432 3008 44661
1 S1_13627 2272 20107
1 S1_31009 2378 25251
1 S1_19630 5613 48174
1 S1_12194 30455 31844
1 S1_18421 20009 45812
1 S1_25050 16881 44601
1 S1_31543 12311 17886
1 S1_30602 15781 47031
1 S1_31660 10360 30702
1 S1_24796 19479 28132
1 S1_131 35759 47918
1 S1_27185 46889 48630
1 S1_1078 12517 34104
1 S1_4348 2618 30335
1 S1_19105 46360 48685
1 S1_14879 23349 28979
1 S1_31124 13787 36633
1 S1_15269 37535 44825
1 S1_30700 15442 48389
1 S1_13247 2385 7297
1 S1_9026 20704 45656
1 S1_32644 638 31891
1 S1_2448 6145 21069
1 S1_5895 21069 35831
1 S1_21161 8560 41528
1 S1_30961 2892 33624
1 S1_6569 8 42305
1 S1_25 3465 50169
1 S1_3391 14973 47206
1 S1_6301 6788 26514
1 S1_11535 32319 42599
1 S1_10407 5356 39924
1 S1_28575 5865 7813
1 S1_10568 3403 37436
1 S1_26185 16173 36319
1 S1_13382 26021 28806
1 S1_13457 1522 46883
1 S1_15774 38264 46350
1 S1_23185 19045 37984
1 S1_9046 7187 34337
1 S1_1887 19994 30835
1 S1_19549 5699 37527
2 S1_10632 5699 37527
1 S1_23295 11480 48048
1 S1_21139 10407 21577
1 S1_1363 73 1990
1 S1_17967 2246 28855
1 S1_10679 11262 29755
1 S1_22084 28762 31799
1 S1_31070 35523 40771
1 S1_9953 7413 48597
1 S1_17113 7866 44935
1 S1_7391 13280 49691
1 S1_9178 13252 28426
1 S1_17989 6035 12645
1 S1_12949 28107 32754
1 S1_10856 1629 19813
1 S1_25390 16624 29140
1 S1_26759 10775 45517
1 S1_20906 25723 44856
1 S1_8737 22568 35177
1 S1_15498 14790 18052
1 S1_24689 2980 26553
1 S1_15281 23644 46040
1 S1_2974 24224 40920
1 S1_6641 23363 47835
1 S1_32057 9172 47948
1 S1_27153 489 31086
1 S1_6684 34925 48440
1 S1_18249 30545 41167
1 S1_18917 1140 13348
1 S1_13144 14972 35125
1 S1_21578 8574 10993
1 S1_30261 30040 40196
1 S1_3863 13839 43232
1 S1_27376 23011 40510
1 S1_12612 9218 18091
1 S1_24796 6223 20997
1 S1_21317 25270 38298
1 S1_9458 16387 19506
1 S1_3222 1417 32772
1 S1_27571 24613 47185
1 S1_20017 24966 33022
1 S1_32690 8764 33680
1 S1_18328 12617 30828
1 S1_4320 15444 18174
1 S1_19900 3818 7158
1 S1_26295 20965 32706
1 S1_29115 20403 41954
1 S1_11670 22059 32348
1 S1_28501 14501 17373
1 S1_10747 18864 19105
1 S1_23503 30618 37275
1 S1_17679 30003 33495
1 S1_8597 2647 42703
1 S1_21797 10368 29808
1 S1_16819 16426 32604
1 S1_8426 20670 43249
1 S1_4055 8888 11930
1 S1_26881 13556 16845
1 S1_16719 593 29193
1 S1_31946 28891 45069
1 S1_7851 2662 4883
1 S1_32339 20219 42525
1 S1_4162 1448 32496
1 S1_24181 15582 24586
1 S1_30602 27879 29461
2 S1_8515 27879 29461
1 S1_29347 3661 34943
1 S1_9044 3030 14859
1 S1_11 6002 48112
2 S1_2761 6002 48112
1 S1_4088 7533 25155
1 S1_2561 3999 18043
1 S1_31545 11990 37921
1 S1_9139 1775 17863
1 S1_1983 16976 19180
1 S1_21589 5055 48099
1 S1_19916 847 50175
1 S1_23543 5624 34654
1 S1_6109 9629 15697
1 S1_3520 24463 48120
1 S1_19558 29429 31002
1 S1_13589 16932 34641
1 S1_20834 10079 44418
1 S1_11699 4494 29238
1 S1_2162 10897 31768
1 S1_25928 2216 9833
1 S1_18718 16110 39654
1 S1_15664 9227 40118
1 S1_9147 17710 46735
1 S1_17758 15644 43343
1 S1_21160 11387 12529
1 S1_21756 21202 42109
1 S1_21637 47051 50396
1 S1_31035 16971 18862
1 S1_31026 17047 37273
1 S1_12483 29286 44221
1 S1_5226 17369 18777
1 S1_8016 40076 43906
1 S1_8156 6763 7162
1 S1_30242 4968 30557
1 S1_10917 16028 50341
1 S1_1860 974 11723
2 S1_32640 974 11723
1 S1_12737 20770 21420
1 S1_3288 10325 35759
1 S1_4453 22602 33021
1 S1_23197 6168 45856
1 S1_27237 22682 34015
1 S1_15369 4319 40990
1 S1_6579 34122 38861
1 S1_18068 3018 12645
1 S1_24644 17826 36242
1 S1_11832 9283 18407
1 S1_11832 14859 27376
1 S1_19204 3097 5567
1 S1_29779 38641 44630
1 S1_29698 25983 40514
1 S1_12943 17766 42100
1 S1_28878 21189 41478
1 S1_9484 13526 35245
1 S1_10624 22642 30141
1 S1_13348 11754 46585
1 S1_14824 15056 49733
1 S1_26504 9729 23771
1 S1_10417 12599 34292
1 S1_17977 16089 38218
1 S1_8922 19440 21277
1 S1_20255 10581 26284
1 S1_3751 1816 18651
1 S1_5593 33344 41965
1 S1_11728 4764 30203
1 S1_13566 7898 17201
1 S1_30013 18048 50267
1 S1_14751 2610 24956
1 S1_31421 14767 47351
1 S1_15480 34710 34829
1 S1_11699 24347 33762
1 S1_14261 43868 45214
1 S1_14458 23384 33240
1 S1_12456 15475 15644
1 S1_3689 25306 45336
2 S1_8287 25306 45336
1 S1_20852 14978 37216
1 S1_3680 8654 35440
1 S1_19079 7297 49931
1 S1_22765 27035 43165
1 S1_11034 42102 43175
1 S1_13081 38170 39663
1 S1_25050 3856 16395
1 S1_28483 25396 33157
1 S1_10845 20769 41072
1 S1_25073 7073 25142
1 S1_6471 20652 33065
1 S1_19938 20000 41012
1 S1_12353 5031 12647
1 S1_27867 12521 35796
1 S1_33138 480 31420
1 S1_16690 13071 46113
1 S1_26278 16567 41569
1 S1_26358 13019 42100
1 S1_26832 15807 43360
1 S1_4377 7731 24994
1 S1_17932 31856 43534
1 S1_17612 4677 6993
1 S1_397 13546 16562
1 S1_27512 21086 39764
1 S1_13835 17242 36986
1 S1_33410 8931 47632
1 S1_16368 10699 16806
1 S1_7319 34771 45648
1 S1_10579 801 19096
1 S1_22653 2261 12385
1 S1_30953 34679 41173
2 S1_11638 34679 41173
1 S1_20622 10413 25852
1 S1_13968 12017 14537
2 S1_9476 12017 14537
1 S1_20954 37502 45250
1 S1_17182 6231 47436
1 S1_24969 17799 23729
1 S1_27364 7142 9671
1 S1_28104 3124 41942
1 S1_7917 12538 46077
1 S1_23374 22485 45127
1 S1_9956 32359 39584
1 S1_31729 1401 43817
1 S1_13608 307 48513
1 S1_10449 33570 45656
1 S1_29059 14408 34459
1 S1_10397 15188 28618
1 S1_25264 10264 22265
1 S1_17246 13698 39889
1 S1_11314 27599 30900
1 S1_9060 27415 29727
1 S1_28157 6908 43931
1 S1_32309 3603 40696
1 S1_8243 5423 44759
1 S1_2814 9631 26776
1 S1_8983 7560 22174
1 S1_2702 2144 50143
1 S1_31807 12967 40161
1 S1_8025 8029 20036
1 S1_21834 19012 37664
1 S1_12898 1187 22137
1 S1_22821 14413 33936
1 S1_32741 15180 43996
1 S1_20816 20737 30482
1 S1_22693 8255 40330
1 S1_12801 32570 34801
1 S1_20207 567 22724
1 S1_33306 4412 6943
1 S1_28310 33797 43834
1 S1_21652 11634 18549
1 S1_19597 22621 47064
1 S1_11655 5058 35876
1 S1_6809 3731 40007
1 S1_31345 5049 37006
1 S1_21489 2272 22761
1 S1_5362 24363 27269
1 S1_11482 28806 43728
1 S1_14822 25626 32872
1 S1_23305 11939 32142
1 S1_10397 5583 34238
1 S1_5517 22218 32035
1 S1_19237 14938 18510
1 S1_3001 37594 42560
1 S1_1363 23648 27712
1 S1_25364 5642 34363
1 S1_16619 936 5415
1 S1_8919 4319 27210
1 S1_23716 23258 50175
1 S1_31648 11876 23866
1 S1_14772 22110 44733
1 S1_8359 38817 42378
1 S1_17014 1827 11529
1 S1_12943 26485 45127
1 S1_22072 6478 24545
1 S1_15182 14901 46253
1 S1_3143 23697 27058
1 S1_29706 2290 3903
1 S1_26853 29661 37847
1 S1_8370 18409 31430
1 S1_11298 44692 47706
1 S1_7179 8484 25575
1 S1_32547 3022 45911
1 S1_27760 8525 34745
1 S1_11750 7043 32285
1 S1_17711 6143 48843
1 S1_25972 16979 36127
1 S1_4011 40514 46054
1 S1_13602 11644 50177
1 S1_14447 10887 43182
1 S1_15806 24087 38743
1 S1_785 45050 49209
1 S1_21147 2185 28805
1 S1_24876 20942 48442
1 S1_17351 18577 31105
1 S1_8045 6999 30402
1 S1_7012 4641 26894
1 S1_26453 30586 31715
1 S1_21384 5703 41203
1 S1_22289 21803 37981
1 S1_5241 9743 41453
1 S1_15369 14422 46840
1 S1_5241 19812 24696
1 S1_31067 19104 42034
1 S1_21384 4407 29643
1 S1_4214 2759 41987
1 S1_32899 11483 14330
1 S1_5598 13334 23393
1 S1_27332 10402 37273
1 S1_17396 14514 32223
1 S1_7650 1516 47821
1 S1_19283 45129 45999
1 S1_15190 28735 39091
1 S1_25226 576 3623
1 S1_28343 8218 19597
1 S1_28840 17301 18433
1 S1_11552 20987 26477
2 S1_12403 20987 26477
1 S1_24904 23396 23814
1 S1_15134 10476 28109
1 S1_17068 3623 15968
1 S1_14317 23268 43765
1 S1_14719 27739 43052
1 S1_26648 13821 44497
1 S1_12353 8009 49624
1 S1_7751 1385 18315
1 S1_30778 6853 49138
2 S1_32600 6853 49138
3 S1_32958 6853 49138
1 S1_28880 25931 48244
1 S1_29979 7297 46086
1 S1_2055 41979 44391
1 S1_26991 10052 29217
1 S1_25928 9626 37710
1 S1_17588 7693 8658
1 S1_4413 15395 49096
2 S1_7753 15395 49096
1 S1_2808 11811 49140
1 S1_6975 21970 32970
1 S1_13003 34202 39060
1 S1_33033 20796 46396
1 S1_23342 12645 42278
1 S1_22869 48117 49117
1 S1_9348 40996 43692
1 S1_28561 6052 20805
1 S1_726 15093 31975
1 S1_3520 4069 33208
1 S1_19784 24932 45517
1 S1_15684 12537 29605
1 S1_14506 1990 11603
1 S1_15820 11947 45373
1 S1_5139 6841 8133
1 S1_14340 13330 22553
1 S1_885 25957 33835
1 S1_28891 29180 39072
1 S1_17182 17383 45627
1 S1_33049 16442 19448
1 S1_31796 26620 46547
1 S1_17811 30407 48535
1 S1_16161 35666 39856
2 S1_15132 35666 39856
1 S1_18270 20350 35717
1 S1_15683 21277 41478
1 S1_16025 10500 24959
1 S1_12103 23247 30387
1 S1_12569 28040 48137
1 S1_30514 14222 32565
1 S1_21552 23808 37806
1 S1_10895 22333 44336
1 S1_18157 9174 42864
1 S1_8831 24710 48778
1 S1_7450 9999 11578
1 S1_29711 48118 48213
1 S1_13333 9682 35269
1 S1_24579 25138 40083
1 S1_12835 17978 40278
1 S1_3201 27760 31544
1 S1_10434 44850 48707
1 S1_21037 18623 22488
1 S1_9990 5981 34725
1 S1_19648 26162 29207
1 S1_3001 27164 31427
1 S1_33069 23798 44329
1 S1_32373 31872 38706
1 S1_16432 13607 29852
1 S1_30315 5478 26670
1 S1_18537 4403 17180
1 S1_676 41775 45360
1 S1_15482 18866 39619
1 S1_17133 14105 35364
1 S1_27892 7826 17974
1 S1_16499 15786 16387
1 S1_19099 905 12083
1 S1_5347 17673 45427
1 S1_9406 46840 48359
1 S1_3738 8001 13677
1 S1_18627 3934 41326
1 S1_27648 18505 27357
1 S1_2281 36661 41804
1 S1_6015 9603 30381
1 S1_18071 32804 39170
1 S1_15999 12928 17124
1 S1_25468 5866 19884
1 S1_19628 17023 25150
1 S1_9474 8776 48393
1 S1_30449 30230 34283
1 S1_1342 15414 23312
1 S1_247 15855 42848
1 S1_28005 34122 41408
1 S1_25858 3442 11002
1 S1_29932 12538 32479
1 S1_31367 28599 34435
1 S1_17627 15229 26854
1 S1_3838 34338 49576
1 S1_25497 15154 47436
1 S1_23491 11264 16971
1 S1_15442 27754 47667
1 S1_13788 10987 27745
1 S1_20666 1682 12938
1 S1_8599 32475 43910
1 S1_4431 1783 49340
1 S1_8144 7345 50192
1 S1_24307 1243 18704
1 S1_20109 9539 23761
1 S1_32404 45001 49557
1 S1_6986 19924 46269
1 S1_20621 39324 40790
1 S1_17531 32717 44788
1 S1_28726 12262 38025
1 S1_25814 4555 49686
1 S1_5965 19113 48566
1 S1_15401 4773 33624
1 S1_1062 7653 21004
2 S1_20374 7653 21004
1 S1_1746 6061 14831
1 S1_13181 749 34444
1 S1_4610 11633 39971
1 S1_746 10993 40746
1 S1_20175 26297 39773
1 S1_28724 44961 49998
1 S1_28364 2746 18623
1 S1_24249 6763 18171
1 S1_3839 30975 37386
1 S1_17308 20124 41483
1 S1_23119 29673 39376
1 S1_3565 9639 19354
1 S1_8983 25462 49161
1 S1_28884 11968 34767
1 S1_4538 6876 26336
1 S1_28045 10889 42023
1 S1_7678 2914 20766
1 S1_15833 928 11708
1 S1_18898 15562 42235
1 S1_31913 2610 48131
1 S1_11712 377 35533
1 S1_9597 36036 46035
1 S1_16386 13225 45384
1 S1_8028 7423 14182
1 S1_22651 5867 14304
1 S1_32498 4945 29749
1 S1_30622 3271 37586
1 S1_30694 917 14306
1 S1_18450 499 19793
1 S1_12380 31298 42919
1 S1_9979 5786 47611
1 S1_29263 11913 42032
1 S1_32295 18554 21112
1 S1_5272 26662 46151
2 S1_11752 26662 46151
1 S1_9328 27951 33077
1 S1_5894 12448 26907
1 S1_4608 30589 31592
1 S1_27807 20653 45314
1 S1_18814 16694 45535
1 S1_2156 5584 39515
1 S1_6874 6926 22369
1 S1_720 4620 40510
1 S1_22672 20768 33259
1 S1_19193 782 41937
1 S1_11112 34636 38789
1 S1_29090 29990 31426
1 S1_9291 38789 41373
1 S1_25574 2144 41091
1 S1_33313 5441 29314
1 S1_30257 828 11371
1 S1_28132 17464 42723
1 S1_20495 1076 24953
1 S1_16775 21686 35179
1 S1_709 2706 6094
1 S1_20669 12647 33099
1 S1_25575 3109 17116
1 S1_32922 21436 26569
1 S1_15920 19618 43454
1 S1_22902 25675 49739
1 S1_9197 10251 46967
1 S1_25858 8939 10807
1 S1_1427 8116 39295
1 S1_21774 34428 47807
1 S1_28633 38791 42309
1 S1_4713 31309 34175
1 S1_19493 4538 48414
1 S1_25928 34848 40468
1 S1_6758 15072 34192
1 S1_8380 9617 43140
1 S1_9299 12679 33629
1 S1_23670 1426 7467
1 S1_24053 2350 45824
1 S1_12824 38881 44091
1 S1_190 8160 12434
1 S1_1045 10478 47741
1 S1_22097 6081 33249
1 S1_30394 10753 36495
1 S1_11236 36416 43690
1 S1_32717 25885 46848
2 S1_7307 25885 46848
1 S1_2912 22117 29077
1 S1_7078 28739 31521
1 S1_4485 8275 34086
1 S1_11138 31380 49015
1 S1_7033 30050 41602
1 S1_12384 36613 40898
1 S1_26521 10974 45936
1 S1_11112 11836 35729
1 S1_32474 2094 3504
1 S1_21391 35956 37939
1 S1_19071 34634 37935
1 S1_26972 23236 43917
1 S1_15244 12659 24158
1 S1_27238 29014 34444
1 S1_568 9115 39162
1 S1_1038 2284 21383
1 S1_1385 21584 37464
1 S1_2369 8554 35754
1 S1_17973 969 27857
1 S1_21424 9043 11108
1 S1_10030 5056 47798
2 S1_12349 5056 47798
1 S1_8239 5520 44485
1 S1_22134 10069 29726
1 S1_29081 15395 29117
1 S1_11318 9370 33431
1 S1_19732 27364 34836
1 S1_9055 7408 38301
1 S1_4758 21778 28367
1 S1_19006 9393 27974
1 S1_15126 26962 30755
1 S1_15838 36492 38028
1 S1_14110 4237 10615
1 S1_23147 23037 33078
1 S1_8482 274 49341
1 S1_5591 1103 11663
1 S1_13164 29278 49459
1 S1_2996 598 8574
1 S1_14959 404 37763
1 S1_20152 4526 40727
1 S1_17875 12033 41227
1 S1_828 436 26312
1 S1_7713 5795 45638
1 S1_18908 6123 43898
1 S1_12400 12900 39190
1 S1_30972 20182 30110
1 S1_30609 11556 41461
1 S1_22224 20854 42641
1 S1_4541 32309 39357
1 S1_15369 17948 48743
1 S1_4783 21758 36926
1 S1_13553 7796 37480
1 S1_27775 26822 47095
1 S1_12183 38042 42350
1 S1_30643 12820 25676
1 S1_3946 22602 26795
1 S1_21610 41886 42534
1 S1_10507 10892 13738
1 S1_7063 38153 48239
1 S1_23622 20881 40572
1 S1_17029 11836 17826
1 S1_15699 4320 14266
1 S1_27899 697 12055
1 S1_12538 35222 42699
1 S1_31891 18169 36673
1 S1_8988 6630 50419
1 S1_17600 7272 49579
1 S1_31660 5510 35379
1 S1_23383 21199 43544
1 S1_5270 19618 24753
1 S1_8271 2944 43717
1 S1_9500 30865 34813
1 S1_7975 5784 49596
1 S1_14964 3756 46149
1 S1_10487 4325 38521
1 S1_28332 2364 2659
1 S1_17013 15924 49690
1 S1_9937 7079 40285
1 S1_1399 26056 33668
1 S1_9992 14535 38247
1 S1_20338 27398 43279
1 S1_6969 32216 44811
1 S1_29287 34852 38480
1 S1_15260 14039 33850
1 S1_10487 25131 30828
1 S1_21791 7558 8100
1 S1_12248 13747 20716
1 S1_5389 5441 25069
1 S1_27310 4571 44689
1 S1_2604 4584 6096
1 S1_14617 31669 33669
1 S1_31464 27703 50283
1 S1_32363 18355 45470
1 S1_6617 1457 7568
1 S1_9561 12246 40001
1 S1_14413 22953 32906
1 S1_21504 29203 47117
1 S1_26810 3338 8631
1 S1_16675 18906 48782
1 S1_12613 387 18725
1 S1_5430 142 39988
1 S1_9500 33473 39695
1 S1_2294 13153 38286
1 S1_4976 6216 6486
1 S1_10568 13061 16021
1 S1_17411 13475 42590
1 S1_1356 28856 38249
1 S1_11649 448 43436
1 S1_15837 23789 31755
1 S1_8818 14425 39223
1 S1_26665 25996 26758
1 S1_453 15074 17532
1 S1_25945 28549 39861
1 S1_13791 8772 25120
1 S1_27571 18647 31332
1 S1_148 25211 46275
1 S1_25290 2743 36891
1 S1_27636 2886 39374
1 S1_4793 5723 39402
1 S1_9035 32390 49604
1 S1_9224 4376 38028
1 S1_24617 23892 28079
1 S1_5389 11729 22773
1 S1_18395 18713 47884
1 S1_2796 4892 49160
1 S1_18581 18212 32894
1 S1_1960 22242 34539
1 S1_27147 24589 43270
1 S1_11906 18543 22261
1 S1_30835 4209 49823
1 S1_15654 24603 39408
1 S1_13167 13235 49533
2 S1_19996 13235 49533
1 S1_3090 32008 39160
1 S1_1486 25150 28994
1 S1_24652 24906 32801
1 S1_25487 6477 7734
1 S1_24606 2009 9998
1 S1_20992 44535 47536
1 S1_12830 39636 44336
1 S1_23332 782 45936
1 S1_5307 964 38528
1 S1_105 35941 47259
1 S1_10927 24511 42169
1 S1_1719 25026 25338
1 S1_31198 17669 18803
1 S1_27444 1956 29494
1 S1_32250 11754 14109
1 S1_9990 30991 41103
1 S1_19329 7813 8105
1 S1_8389 35364 38992
1 S1_1492 21689 45404
1 S1_9531 1033 6714
1 S1_14874 26252 40988
1 S1_12354 20107 28036
1 S1_25465 11180 12160
1 S1_7278 40407 49845
1 S1_24126 4043 17598
1 S1_16489 20055 48452
1 S1_20273 24803 27617
1 S1_18093 18769 20127
1 S1_9876 25521 26243
1 S1_23314 12067 47038
2 S1_25622 12067 47038
1 S1_14100 24597 31335
1 S1_9321 18571 18647
1 S1_13327 19987 22919
1 S1_30248 47320 49484
1 S1_25252 13123 14302
1 S1_32186 28753 44601
1 S1_17229 16799 31653
1 S1_25998 8484 48446
1 S1_4976 24235 49264
1 S1_24989 46650 50130
1 S1_17528 31903 48585
1 S1_18249 26670 42716
1 S1_15960 39525 45512
1 S1_31662 31919 35606
1 S1_6569 1990 26516
1 S1_21181 21872 46428
1 S1_1163 2618 38980
1 S1_13897 30950 35993
1 S1_29495 4555 37734
1 S1_30522 17870 42230
1 S1_15244 39859 49459
1 S1_17381 15389 42159
1 S1_30093 1136 9460
1 S1_16814 3473 8411
1 S1_11133 12943 23940
1 S1_247 27350 32282
1 S1_18754 4284 9391
1 S1_5301 21289 22734
1 S1_2127 28676 45534
1 S1_9547 14758 19835
1 S1_7587 12651 22955
1 S1_13659 16487 18402
1 S1_3342 12304 20940
1 S1_27978 10072 16791
1 S1_4108 15056 41106
1 S1_6723 37815 40241
1 S1_23856 11108 16794
1 S1_11413 4718 13412
1 S1_4065 28616 47795
1 S1_13683 4470 21257
1 S1_3041 28601 50144
1 S1_14944 268 30379
1 S1_20803 4474 29920
1 S1_4615 4555 42572
1 S1_30961 25940 41905
1 S1_29846 1072 28553
1 S1_15150 27220 45820
1 S1_18656 13468 30978
1 S1_23704 20515 23441
1 S1_4924 38699 49761
1 S1_10618 13573 39926
1 S1_7752 3264 9277
1 S1_18341 20732 31427
1 S1_25656 17609 23595
1 S1_31410 7305 35279
1 S1_27546 23108 35677
1 S1_5454 3934 33396
1 S1_11227 18870 46092
1 S1_27307 34511 38827
1 S1_23498 24535 32194
1 S1_27332 3310 31266
1 S1_30255 5421 9086
1 S1_14411 26838 31786
1 S1_26 20289 42429
1 S1_2997 37775 45107
1 S1_32940 27017 30060
1 S1_5829 41373 42087
1 S1_26109 30360 40186
1 S1_10619 8463 24534
1 S1_31198 29805 47070
1 S1_29230 11200 34241
1 S1_10008 42042 45023
1 S1_25817 9013 37914
1 S1_4850 16672 22727
1 S1_4881 18536 37368
1 S1_16089 16616 43698
1 S1_14619 8939 12201
1 S1_23660 2631 44006
1 S1_22732 19196 47504
1 S1_20531 21014 26436
1 S1_17953 15822 26207
1 S1_22535 8884 22522
1 S1_2974 20010 41706
1 S1_27270 12384 18772
1 S1_1527 7550 37694
1 S1_27787 11729 38225
1 S1_28827 2872 35632
1 S1_9630 4113 32645
1 S1_23508 1601 22903
1 S1_516 26072 39552
1 S1_30234 20305 22954
1 S1_9998 4387 46721
1 S1_5882 4466 44943
1 S1_16318 22042 41873
1 S1_15566 20366 41528
1 S1_1698 7307 33657
1 S1_20041 15032 45986
1 S1_25499 18902 27511
1 S1_31058 854 25325
1 S1_21832 31477 48439
1 S1_20068 29472 42305
1 S1_13417 12821 16848
1 S1_19892 33471 42238
1 S1_12777 15636 29576
1 S1_2049 21198 29102
2 S1_4122 21198 29102
1 S1_1881 27605 47144
1 S1_24476 26689 46270
1 S1_24276 31071 42336
1 S1_16490 34850 41424
1 S1_26157 4543 11073
1 S1_28291 10639 20086
1 S1_18612 12028 48996
1 S1_17894 8152 11690
1 S1_4401 2116 22431
1 S1_18103 27617 43872
1 S1_29393 6102 22773
1 S1_31628 4523 42100
1 S1_27741 30586 36374
1 S1_2849 31427 41441
1 S1_19969 37681 48611
1 S1_20622 21571 24510
1 S1_2510 36672 49785
1 S1_8426 2498 24239
1 S1_18285 28525 37355
1 S1_18137 25087 27994
1 S1_4870 13452 36475
1 S1_10826 9494 48454
1 S1_23245 29706 49594
1 S1_32882 5115 14708
1 S1_18053 4646 9847
1 S1_30562 29988 30921
1 S1_28602 6378 18237
1 S1_22322 3649 7343
1 S1_19226 24568 46074
1 S1_13928 10788 32005
1 S1_29376 26585 47943
1 S1_15914 20835 36674
1 S1_6594 26961 48005
1 S1_16886 4879 46222
2 S1_10816 4879 46222
1 S1_17568 22346 31065
1 S1_13934 17639 47024
1 S1_26278 25270 29216
1 S1_30462 21743 49629
1 S1_7140 25141 26670
1 S1_661 30265 39827
1 S1_28577 5244 33257
1 S1_19191 397 33095
1 S1_32094 8434 30647
1 S1_131 7274 27770
1 S1_5628 25371 35374
1 S1_9566 14061 25673
1 S1_13726 3628 48509
1 S1_25696 43383 47718
1 S1_5389 16453 35422
1 S1_16289 12469 48597
1 S1_1489 8388 15173
2 S1_32780 8388 15173
1 S1_20499 11262 35336
1 S1_25090 3317 40602
1 S1_33014 45259 46544
1 S1_9975 505 20835
1 S1_6635 18278 18991
1 S1_9495 22630 42743
1 S1_3252 3594 26974
1 S1_10864 1753 33797
1 S1_18335 10900 27593
1 S1_13747 6395 11177
1 S1_15140 41927 49808
1 S1_1793 24064 40231
1 S1_7468 468 33794
1 S1_6458 17158 34523
1 S1_26845 9050 49318
1 S1_19902 9648 16936
1 S1_12573 9847 49648
1 S1_201 12434 43482
1 S1_32760 40209 44400
1 S1_31262 3017 13048
1 S1_18375 16832 33953
1 S1_5371 6732 29192
1 S1_14470 15089 23895
1 S1_26692 35179 38480
1 S1_5965 8638 9751
1 S1_26116 32986 47205
1 S1_131 19375 46057
1 S1_16717 34504 38566
1 S1_31576 31767 33123
1 S1_22224 31942 50341
1 S1_13043 14997 38248
1 S1_26635 18670 38103
1 S1_26648 18783 28963
1 S1_21645 34150 36194
1 S1_28003 29608 47884
1 S1_11131 21906 34912
1 S1_31628 20142 35993
1 S1_5168 5706 26426
1 S1_8278 663 15322
1 S1_17317 31742 38220
1 S1_22097 21382 48203
1 S1_17317 1237 9686
1 S1_1597 39454 46425
1 S1_6006 8856 14832
1 S1_19726 19816 27605
1 S1_19125 15133 15861
2 S1_6499 15133 15861
1 S1_1169 5668 21337
1 S1_2563 16347 41698
1 S1_13112 14601 41308
1 S1_8765 28673 40199
1 S1_12254 13406 34420
1 S1_13725 20203 40617
1 S1_29261 18500 30842
1 S1_18053 14455 26441
1 S1_22402 24065 43732
1 S1_10807 18165 49014
1 S1_19079 42426 44944
1 S1_172 30907 43378
1 S1_20439 6109 24322
1 S1_15917 29688 30380
1 S1_9428 7269 45127
1 S1_7372 5313 33761
1 S1_23089 24208 27877
2 S1_30601 24208 27877
1 S1_6188 31383 42122
1 S1_32804 5784 38503
1 S1_10681 17609 38998
1 S1_1253 33082 35302
1 S1_12065 30874 36830
1 S1_12429 17334 29696
1 S1_6323 12912 16869
1 S1_19499 20087 42663
1 S1_17420 35932 40960
1 S1_6276 9436 21980
1 S1_17977 23098 33353
1 S1_32385 38518 39164
1 S1_33223 17685 34678
1 S1_30180 34400 36177
1 S1_26452 4131 45090
1 S1_14491 13395 35453
1 S1_9872 7432 15245
1 S1_33365 8515 12875
1 S1_7428 8160 10192
1 S1_27648 1029 21350
1 S1_7309 3943 15294
1 S1_10337 5015 37668
1 S1_26896 27445 42606
1 S1_8044 3803 9391
1 S1_13191 19553 32045
1 S1_18248 3507 49781
1 S1_14316 6881 37273
1 S1_12426 1436 41614
1 S1_28636 32630 46350
1 S1_11112 13638 44256
1 S1_27446 6938 10469
1 S1_15769 15899 24759
1 S1_31514 11033 13704
1 S1_7785 1578 27859
1 S1_7632 18646 25539
1 S1_25728 24906 34928
1 S1_29700 4727 16739
1 S1_32922 6889 36539
1 S1_19285 17948 27740
1 S1_1836 1197 12596
1 S1_25385 12106 28964
1 S1_22761 2325 32842
1 S1_30622 24744 25723
1 S1_22097 21479 30112
1 S1_5502 1835 13832
1 S1_2737 23263 31490
1 S1_7066 34 20755
1 S1_15720 4581 8835
1 S1_29214 10070 49988
1 S1_16011 27593 45761
1 S1_4093 19119 23047
1 S1_30924 42100 42534
1 S1_14729 27646 48438
1 S1_29376 13789 32747
1 S1_29416 3858 44934
1 S1_1127 33233 47008
1 S1_2773 13004 13846
1 S1_15244 17608 28632
1 S1_24554 26223 33839
1 S1_7464 2928 6833
1 S1_11243 22661 28414
1 S1_29653 16430 33303
1 S1_11100 18162 25474
1 S1_4040 25129 42728
1 S1_26335 31380 39827
1 S1_6004 9250 10660
1 S1_28614 24697 29508
1 S1_3894 4397 36028
1 S1_33167 2364 6020
2 S1_7168 2364 6020
1 S1_26658 27240 47436
1 S1_6783 15190 38932
1 S1_27756 23389 33030
1 S1_15518 7761 38406
1 S1_4800 21004 27653
1 S1_5121 41782 46641
1 S1_26445 9889 17624
1 S1_20296 13807 14482
1 S1_6887 41610 47655
1 S1_27877 2071 15598
1 S1_22113 23530 47115
1 S1_2629 12688 31116
1 S1_3733 726 6477
1 S1_1394 11262 22188
2 S1_17254 11262 22188
3 S1_31723 11262 22188
1 S1_25400 11515 46433
1 S1_27128 503 19062
1 S1_25410 18544 33231
1 S1_1388 6545 32228
2 S1_949 6545 32228
1 S1_4813 8049 16562
1 S1_9336 2378 3780
1 S1_11460 39435 45792
1 S1_31822 5344 18457
1 S1_19538 1615 40937
1 S1_20125 21124 37573
1 S1_22250 11041 21459
1 S1_30515 27434 44850
1 S1_17370 22821 37943
1 S1_26075 32519 48227
1 S1_7886 1243 49906
1 S1_6836 6320 15679
1 S1_954 257 45121
1 S1_5704 30250 33231
1 S1_19902 8 30469
1 S1_4724 5130 49579
1 S1_30561 41781 42189
1 S1_19783 3139 28826
1 S1_12256 31632 39295
1 S1_31978 7046 31923
1 S1_19449 10070 19467
1 S1_20563 8720 38980
1 S1_27860 38071 48263
1 S1_6555 18748 45124
1 S1_23349 31722 48613
1 S1_8541 45336 46322
1 S1_5046 23029 49462
1 S1_12668 16331 23716
1 S1_32272 41793 45388
1 S1_10856 22770 43014
1 S1_1204 15646 48095
1 S1_5322 14698 31477
1 S1_16169 7731 16738
2 S1_22641 7731 16738
1 S1_6246 26318 49830
1 S1_14178 1552 37697
1 S1_7059 12615 15442
1 S1_5912 34139 47117
1 S1_19051 1847 14937
1 S1_21985 17160 47318
1 S1_32336 11161 46369
1 S1_6571 6714 10267
1 S1_13010 23248 40283
1 S1_17706 32649 38521
1 S1_10102 13766 19403
1 S1_2628 42128 43761
1 S1_8102 12337 40677
1 S1_2588 27479 32690
1 S1_14181 8105 17394
1 S1_2430 20597 26763
1 S1_31301 18055 22727
1 S1_29282 10677 24946
1 S1_7097 10241 35523
1 S1_13640 26290 32540
1 S1_28330 20124 44100
1 S1_20901 7166 31481
2 S1_23431 7166 31481
1 S1_3172 19414 37178
1 S1_33306 7942 34015
1 S1_25766 4527 23194
1 S1_23573 5795 45108
1 S1_26939 8473 16326
1 S1_7144 10294 34419
1 S1_4064 18549 45636
1 S1_33040 3291 46073
1 S1_3021 39217 40246
2 S1_4330 39217 40246
1 S1_23508 2091 48505
1 S1_23601 42061 47659
1 S1_20109 31239 42001
1 S1_25761 21778 25803
1 S1_22727 32475 46891
1 S1_31262 18571 47259
1 S1_27465 24321 32714
1 S1_13344 21171 28323
1 S1_18657 35008 44753
1 S1_8259 22124 34026
1 S1_12175 3591 45902
1 S1_28612 6627 22566
1 S1_28411 48292 49318
1 S1_30627 10589 22262
1 S1_10648 34627 42099
1 S1_18747 22034 38610
1 S1_12199 21190 31861
1 S1_19915 14580 37683
1 S1_6109 40965 46487
1 S1_13043 25446 43803
1 S1_25500 6714 16848
1 S1_2139 9455 34538
2 S1_13382 9455 34538
1 S1_9579 2872 46640
1 S1_22212 41789 49648
1 S1_12353 1579 8778
1 S1_26395 34912 47012
1 S1_14491 36032 49318
1 S1_10161 46172 49427
1 S1_23503 36011 40149
1 S1_6514 8660 30213
1 S1_14115 27463 29377
1 S1_11422 3840 34743
1 S1_15192 12651 20689
1 S1_30672 8246 14379
1 S1_14038 15545 40299
1 S1_20998 31678 31801
1 S1_24564 6568 36045
1 S1_16814 18513 44830
1 S1_8389 6832 18391
1 S1_25018 4697 18326
1 S1_2737 11729 18536
1 S1_1893 10374 25743
1 S1_11520 14095 26212
1 S1_10538 34776 40635
1 S1_5220 48203 48509
1 S1_17672 12362 19242
1 S1_8810 4555 14814
1 S1_10640 397 9202
1 S1_22146 19405 49970
1 S1_9117 8787 41324
1 S1_5794 41376 41884
1 S1_12828 37324 47014
1 S1_11645 17781 42283
1 S1_16665 9857 42076
1 S1_14534 12672 23574
1 S1_16163 19287 22330
1 S1_6063 10257 47979
1 S1_19002 9864 48459
1 S1_24461 854 39720
1 S1_24271 23729 33002
1 S1_6840 9829 48090
1 S1_12159 8012 11226
1 S1_652 18772 46878
1 S1_33384 10541 36231
1 S1_1095 10553 12256
1 S1_23933 7342 21756
1 S1_14812 7811 29926
1 S1_18395 13406 46384
1 S1_26193 19001 40857
1 S1_7975 5151 7108
1 S1_16284 40771 42155
1 S1_27038 32169 32907
1 S1_20642 25579 46410
1 S1_9603 15779 27289
2 S1_6091 15779 27289
1 S1_29120 9609 17088
1 S1_2643 23770 26207
1 S1_98 8832 17942
1 S1_22714 28312 48690
1 S1_6385 8916 31490
1 S1_10302 6268 40790
1 S1_1732 1698 39993
1 S1_4783 38164 42525
1 S1_857 15868 28154
1 S1_7122 34120 47817
1 S1_31131 36217 37950
1 S1_8476 15234 21691
1 S1_21435 7973 45183
1 S1_22045 27919 47833
1 S1_23089 3539 43662
1 S1_29938 39945 48927
1 S1_16565 13954 34354
1 S1_19449 18603 36630
1 S1_27807 13967 31594
1 S1_21164 2965 20899
1 S1_26426 994 38165
1 S1_19175 4451 10006
1 S1_4955 40149 46977
1 S1_5602 7073 27753
1 S1_5054 12226 31436
1 S1_26789 13033 18544
1 S1_857 24275 46216
1 S1_91 6875 45608
1 S1_2787 30828 36661
1 S1_5965 5106 40736
1 S1_26474 46040 49055
1 S1_14767 7131 13517
1 S1_25738 2768 36311
1 S1_30956 6031 13796
1 S1_30255 17730 23530
1 S1_4113 29381 41600
1 S1_11680 23995 36069
1 S1_26192 8658 23990
1 S1_33323 397 16806
1 S1_28659 40189 46398
1 S1_17315 15722 28094
1 S1_14895 22817 37459
1 S1_29420 7053 42525
1 S1_20686 31669 35090
1 S1_27344 5148 32239
1 S1_26658 52 16089
1 S1_25177 11971 20492
1 S1_2952 1298 46314
1 S1_29030 3854 15961
1 S1_4450 27213 44313
1 S1_830 21582 30589
1 S1_22259 11262 33285
1 S1_25574 11543 21515
1 S1_22311 18647 30469
1 S1_8183 18762 49096
1 S1_22326 19345 21781
1 S1_19759 23389 40377
1 S1_27194 17932 34397
1 S1_12670 20544 32860
1 S1_25151 8856 43471
1 S1_32492 14767 31291
1 S1_17510 9994 11262
1 S1_15044 11598 44738
1 S1_30369 16832 44336
1 S1_30190 1050 3618
1 S1_31452 6853 42893
1 S1_5167 19706 33727
1 S1_14761 14073 15504
1 S1_32623 520 684
1 S1_27574 8548 29246
1 S1_8161 40513 46282
1 S1_4772 25875 41620
1 S1_22862 22365 41248
1 S1_18180 20413 38367
1 S1_26026 9514 12758
1 S1_15046 12277 39896
1 S1_5385 19047 22111
1 S1_24100 10506 37439
1 S1_24367 20080 28018
1 S1_24845 13269 31426
1 S1_26530 10548 18577
1 S1_2253 3477 18631
1 S1_32281 21403 48096
1 S1_1547 5836 39975
1 S1_20462 26728 28730
1 S1_11014 30406 46782
1 S1_26124 4624 42919
1 S1_17192 25977 44294
1 S1_18817 32895 38349
1 S1_30484 34338 44934
1 S1_7565 2922 37478
1 S1_16994 31289 31582
1 S1_21159 487 31938
1 S1_32631 23236 50184
1 S1_10239 38870 44081
1 S1_11443 1757 37006
1 S1_5661 32682 49940
1 S1_29349 18713 41180
1 S1_29744 34349 49597
1 S1_12393 28032 38383
1 S1_27333 2673 31621
1 S1_27538 1557 7194
1 S1_30972 28594 48513
1 S1_28050 9329 20609
1 S1_1719 6906 13855
1 S1_9748 35522 43117
1 S1_29787 24778 33135
1 S1_6617 18857 19308
1 S1_23129 20648 35729
1 S1_25651 26856 39014
1 S1_16427 45794 47756
1 S1_26195 5866 39251
1 S1_6756 11025 27926
1 S1_22227 16347 31212
1 S1_11266 3389 33067
1 S1_29009 14416 49210
1 S1_30257 24350 42847
1 S1_26278 1846 17826
1 S1_27993 10546 21190
1 S1_2872 17334 29973
1 S1_11202 25323 35257
1 S1_10640 6124 8939
1 S1_6384 3756 45170
1 S1_31822 40274 41851
1 S1_3850 41253 45039
1 S1_22868 22049 39128
1 S1_13251 12985 48622
1 S1_2069 3338 10327
1 S1_32671 15808 24694
1 S1_7065 13442 35957
1 S1_11854 39476 39880
1 S1_9277 2507 18145
1 S1_3947 12170 14625
1 S1_32644 11460 14937
1 S1_33266 10674 42258
1 S1_16861 11663 42662
1 S1_32653 17730 47344
1 S1_12040 2017 37250
1 S1_10568 42550 45128
1 S1_20092 30169 30597
1 S1_13861 21925 38430
1 S1_10262 23461 38549
1 S1_3155 461 13452
1 S1_19171 9608 21882
2 S1_31018 9608 21882
3 S1_6445 9608 21882
1 S1_6624 22156 36818
1 S1_10352 15197 43007
1 S1_7743 7297 7721
1 S1_23610 29111 42407
2 S1_12483 29111 42407
1 S1_30517 18355 34972
1 S1_10277 27840 43508
1 S1_14878 39089 40324
1 S1_21666 17938 47798
1 S1_31642 9227 29603
1 S1_7822 6762 44611
1 S1_3529 34984 42574
1 S1_11460 10353 39595
1 S1_22097 4821 50009
1 S1_28060 13238 40603
2 S1_7012 13238 40603
1 S1_14340 23393 34724
1 S1_30315 35548 42722
1 S1_29326 10107 31256
1 S1_6 9887 11445
1 S1_16791 9000 30212
1 S1_20017 25165 42451
1 S1_24876 13499 19505
1 S1_6761 44173 46233
1 S1_24787 193 13524
1 S1_20563 9283 9625
1 S1_12568 1648 37798
1 S1_24266 10770 19041
1 S1_30977 29509 38406
1 S1_12368 37233 37933
1 S1_11239 6532 18988
1 S1_15368 5403 45098
1 S1_6573 17823 19539
1 S1_12360 15288 45128
1 S1_4855 131 12726
1 S1_9522 22628 49872
1 S1_19246 6635 26516
1 S1_5241 2743 14880
1 S1_6912 35230 37060
1 S1_30090 6129 35666
2 S1_8464 6129 35666
1 S1_29464 4820 21198
1 S1_8564 21021 41267
1 S1_5436 208 46840
1 S1_23806 39599 41326
1 S1_7503 22515 40971
1 S1_13118 116 9250
1 S1_11662 28821 46827
1 S1_23716 30676 49715
1 S1_24985 17722 21131
1 S1_19058 3216 15629
1 S1_33008 24177 44385
1 S1_32741 17331 48453
1 S1_27477 19571 32980
1 S1_1340 10139 28832
1 S1_20297 19516 46040
1 S1_2286 32166 45069
2 S1_31252 32166 45069
1 S1_25986 1911 8522
1 S1_31983 1229 50238
1 S1_8409 593 8630
1 S1_8343 34678 38547
1 S1_25574 5795 32636
2 S1_33204 5795 32636
1 S1_13282 17362 40549
1 S1_23376 39490 48699
1 S1_1334 40994 45824
1 S1_1439 12871 15300
1 S1_12103 2139 7634
1 S1_11047 13363 23273
1 S1_9208 14589 31199
1 S1_23809 7599 8884
1 S1_1832 11815 46716
1 S1_29266 47090 47627
1 S1_17914 29343 40022
1 S1_468 34229 43185
1 S1_19114 1017 2037
1 S1_30862 2302 7695
1 S1_29400 22500 38321
1 S1_7327 41523 43565
1 S1_11236 39580 49823
1 S1_29183 554 46149
1 S1_30970 9578 48482
1 S1_20725 1623 20910
1 S1_16566 5210 37586
1 S1_7485 34269 43062
1 S1_31140 4309 20521
1 S1_7412 24107 29800
1 S1_30093 5440 10888
1 S1_4766 17461 41267
1 S1_32463 2145 33219
1 S1_24383 16271 27738
1 S1_23100 47552 49207
1 S1_13834 13011 30720
1 S1_29900 16565 39538
1 S1_3345 25306 40303
1 S1_27097 6899 15868
1 S1_10079 33467 44997
1 S1_10362 2869 15476
1 S1_19415 1237 21316
1 S1_12990 29428 29880
1 S1_13589 29356 44763
1 S1_27842 22261 22630
1 S1_20068 8822 26516
1 S1_31268 3979 48146
1 S1_7153 25014 44624
1 S1_13808 11407 40462
1 S1_22710 2734 25875
1 S1_6650 22240 40056
1 S1_12195 31540 39097
1 S1_11543 7256 9053
1 S1_23016 1811 18689
1 S1_8607 11991 49575
1 S1_20007 11379 44776
1 S1_19150 5158 40829
1 S1_29610 20037 27462
1 S1_12996 22402 41948
1 S1_23328 16103 43928
1 S1_20053 8171 46549
1 S1_6915 40572 43941
1 S1_26819 5318 23296
1 S1_16354 21035 49073
1 S1_15234 24740 34768
1 S1_10351 4561 36419
1 S1_14627 9580 38406
1 S1_7538 1788 15522
1 S1_7302 15190 49216
1 S1_5309 19405 42858
1 S1_1927 24527 35739
1 S1_27153 11591 36576
1 S1_298 593 41873
1 S1_2205 42407 44221
1 S1_2649 8548 13902
1 S1_27892 2745 46725
1 S1_27491 37778 50367
1 S1_32401 36261 40839
1 S1_24536 15605 19303
1 S1_15683 39937 48939
1 S1_21915 20551 33099
1 S1_5430 17872 37586
1 S1_29748 6828 9784
1 S1_17466 7202 10887
1 S1_15598 6591 41592
1 S1_21323 43691 48513
1 S1_22128 3560 17029
1 S1_5858 14814 45885
1 S1_21519 4781 26485
1 S1_2632 8473 33067
1 S1_1352 24147 38912
1 S1_11205 29884 34239
1 S1_3894 7705 13295
1 S1_6722 33144 35515
1 S1_20758 9343 15614
1 S1_25453 11706 40489
1 S1_17272 10971 28477
1 S1_1484 16744 33622
1 S1_16791 1474 37227
1 S1_1567 12227 37179
1 S1_14363 8229 19180
2 S1_27076 8229 19180
1 S1_23617 2728 43976
1 S1_23346 4492 26008
1 S1_30660 19058 44611
1 S1_22841 5562 5921
1 S1_32045 29176 32824
1 S1_6734 10067 42827
1 S1_1687 43857 46226
1 S1_24337 16442 44919
1 S1_6948 15411 27683
1 S1_17962 32541 37355
1 S1_10690 19281 37159
1 S1_10029 8707 19919
1 S1_20982 13879 49833
1 S1_15260 1279 26730
2 S1_30905 1279 26730
1 S1_13778 4338 31715
1 S1_32669 26974 44458
1 S1_11247 15888 49360
1 S1_17210 23431 46924
1 S1_7039 35565 44872
1 S1_30682 12115 34941
1 S1_4180 22057 42716
1 S1_16477 3753 33856
1 S1_22264 14501 20080
1 S1_13854 17754 37545
1 S1_18144 18988 45013
1 S1_30427 4550 45763
1 S1_29261 1588 7731
1 S1_22858 6528 23595
1 S1_6551 31213 37344
1 S1_15820 31805 34536
1 S1_23330 23299 35221
1 S1_21479 9631 48950
1 S1_11815 19045 37715
1 S1_20906 31894 35240
1 S1_2081 8367 13674
1 S1_16928 15753 22692
1 S1_30504 945 23974
1 S1_15984 36581 48371
1 S1_27848 31150 40582
1 S1_11236 5031 27549
1 S1_6948 25141 45546
1 S1_10526 40278 46913
1 S1_24032 3711 8484
1 S1_4987 17618 35501
1 S1_33159 29356 34641
1 S1_6514 8787 44256
1 S1_20154 12191 36726
2 S1_1527 12191 36726
1 S1_11809 22488 49368
1 S1_11132 30450 31507
1 S1_12557 7553 40324
1 S1_30248 14001 39048
1 S1_31498 12802 39976
1 S1_2296 27132 48805
1 S1_22596 15326 16218
1 S1_18266 22647 30969
1 S1_8380 1225 19196
1 S1_12455 19674 23058
1 S1_5181 22772 45856
1 S1_8288 13008 44581
1 S1_2589 19067 44736
1 S1_25508 24322 35298
1 S1_12929 33237 45733
1 S1_1904 24418 44337
1 S1_18594 11283 43616
1 S1_5208 14503 29938
1 S1_15797 16264 49393
1 S1_5375 20234 43874
1 S1_5437 18864 25723
1 S1_26778 24597 33564
1 S1_4226 26808 32071
1 S1_11832 9166 43295
1 S1_11338 14133 42815
1 S1_26192 16487 48669
1 S1_27310 21531 32995
1 S1_74 25726 33300
1 S1_9016 1630 15188
1 S1_31462 8178 23384
1 S1_24719 1788 44963
1 S1_17481 1841 46940
1 S1_18796 4043 9277
1 S1_26754 36940 37953
1 S1_3556 19116 29085
1 S1_32404 1703 22638
1 S1_12500 10506 19995
1 S1_25364 15351 21648
1 S1_33021 3507 17509
1 S1_12649 11446 35104
1 S1_28593 10960 13904
1 S1_16243 18454 27548
1 S1_8860 40602 45994
1 S1_25089 31786 44291
1 S1_27719 34506 47143
1 S1_11128 32353 42384
1 S1_5989 2547 12055
1 S1_27570 18066 21445
1 S1_21790 17673 34536
1 S1_32139 8648 26406
1 S1_4907 8124 12401
1 S1_5779 25202 29428
1 S1_2007 25322 31841
1 S1_23249 26222 30002
1 S1_25448 12945 20715
1 S1_26151 30735 49528
1 S1_13094 31106 48490
1 S1_7713 7253 48328
1 S1_21776 9421 17414
1 S1_28458 13798 28499
1 S1_19886 2965 3115
1 S1_4960 14648 46170
1 S1_4064 31617 44116
1 S1_27932 12575 49690
1 S1_29920 38727 49694
1 S1_30148 5917 33625
1 S1_32492 833 16044
1 S1_26482 19042 24120
1 S1_3652 2662 45733
1 S1_13181 4209 40419
1 S1_2707 31671 40103
1 S1_10944 2346 13447
1 S1_20160 22222 41256
1 S1_4572 188 44063
1 S1_22926 12645 43106
1 S1_21429 6829 12683
1 S1_22394 8549 47895
1 S1_11659 38210 43374
1 S1_2250 13813 45476
1 S1_21519 26728 28414
1 S1_11298 7718 42350
1 S1_30884 29983 34745
1 S1_648 24089 26296
1 S1_28330 40413 46028
1 S1_22257 15322 31239
1 S1_16273 37810 44497
1 S1_9980 9405 25580
1 S1_14767 29509 30246
1 S1_30777 10133 15807
1 S1_15814 42802 50235
1 S1_10737 38853 45774
1 S1_17968 29170 50400
1 S1_24559 14730 19308
1 S1_28786 40641 46547
1 S1_16434 11002 46569
1 S1_23916 25144 37586
1 S1_20369 22711 23824
1 S1_12611 12258 34143
1 S1_6303 17809 27384
1 S1_2250 26248 32088
1 S1_3530 1050 16074
1 S1_26600 36185 48725
1 S1_7232 25193 44599
1 S1_5471 26426 29407
1 S1_6729 12865 44203
1 S1_18564 4594 24604
1 S1_3667 24054 24400
1 S1_18057 20711 25913
1 S1_55 4366 42285
1 S1_19352 13507 48112
1 S1_2860 25539 26448
1 S1_32388 12243 17687
1 S1_11261 482 1648
1 S1_9656 3833 18506
1 S1_23411 35135 35264
1 S1_21195 14104 27777
1 S1_9291 7796 42855
1 S1_18579 799 1430
1 S1_3243 24589 38685
1 S1_15482 29848 40899
1 S1_13766 6969 33347
1 S1_13909 17589 31653
1 S1_11067 3627 33200
1 S1_20255 14605 44676
1 S1_27546 28727 39645
1 S1_33128 38541 45428
1 S1_31813 4555 33101
1 S1_15994 18641 48661
2 S1_9342 18641 48661
1 S1_4348 17597 23778
1 S1_3591 15351 34086
1 S1_25333 19522 31727
1 S1_24659 32754 48090
1 S1_26719 5813 7671
1 S1_22871 15948 42468
1 S1_19783 11352 32604
1 S1_18285 5056 41553
1 S1_2524 27887 41001
1 S1_2285 9381 14408
1 S1_28439 20324 24938
1 S1_7576 9250 34356
1 S1_24589 13410 16774
1 S1_29402 30203 42226
1 S1_13431 21838 27246
1 S1_16759 6103 45554
1 S1_18941 2731 12584
1 S1_24117 3686 37984
1 S1_23411 30863 43480
1 S1_4929 36906 49691
1 S1_27153 16292 35416
1 S1_15233 20973 23748
1 S1_10145 21641 37786
1 S1_18261 6623 21668
1 S1_15904 38559 47465
1 S1_2082 24697 34444
1 S1_23873 22647 36410
1 S1_3242 24740 43039
1 S1_27639 18846 41515
1 S1_871 22049 22775
1 S1_24459 1144 14138
1 S1_18492 5797 23247
1 S1_676 34658 48467
1 S1_2111 217 2847
1 S1_23662 46040 49920
1 S1_30346 20883 37622
1 S1_23236 1585 34441
1 S1_13548 10032 23973
1 S1_32266 13154 29898
1 S1_10115 17224 32529
1 S1_17948 16616 22243
1 S1_14316 3310 44029
1 S1_11178 28762 38134
1 S1_23511 2799 29865
1 S1_22245 5904 9498
1 S1_14413 16290 27216
1 S1_209 3954 40032
1 S1_11007 11494 22418
1 S1_24536 26115 36683
1 S1_28343 2084 4609
1 S1_5986 29246 34292
1 S1_32189 33579 41041
1 S1_27669 3780 44598
1 S1_12844 10264 36262
1 S1_19129 9482 42564
1 S1_696 8406 37899
1 S1_32373 26444 47073
1 S1_19902 6828 33754
2 S1_8209 6828 33754
1 S1_12613 17536 31963
1 S1_26501 7926 13659
1 S1_24858 28414 37721
1 S1_7399 8367 19569
1 S1_28530 15187 45999
1 S1_15904 16585 46976
1 S1_33045 5037 41638
1 S1_21068 13438 37480
1 S1_25185 8658 13546
1 S1_5466 21004 28120
1 S1_14413 8574 42468
1 S1_16178 14837 43668
1 S1_4517 9429 45217
1 S1_23274 38165 38624
1 S1_13230 32248 40495
1 S1_32780 40018 40077
1 S1_22113 18902 37153
1 S1_1385 24959 42847
1 S1_30303 6991 31289
1 S1_27185 40913 47437
1 S1_24226 9013 41119
1 S1_20111 10602 37227
1 S1_29254 3019 14561
1 S1_926 1165 45765
1 S1_6905 16306 27683
1 S1_21578 3864 34141
1 S1_15044 39128 48583
1 S1_9246 10263 22479
1 S1_19150 12522 16129
1 S1_17452 20307 37193
1 S1_20767 17391 34952
1 S1_26380 36541 48444
1 S1_33044 29117 47921
1 S1_21047 14758 19281
1 S1_28714 15801 40141
1 S1_6173 6750 26886
1 S1_22326 5719 49919
1 S1_1282 25908 38286
1 S1_5483 3500 31916
1 S1_31962 1978 47238
1 S1_15794 25277 33011
1 S1_31187 21769 38139
1 S1_22610 285 26330
1 S1_6880 9223 49544
1 S1_17894 31868 45256
1 S1_24536 26027 27344
1 S1_10132 42094 44510
1 S1_1492 34269 46889
1 S1_24515 27581 46796
1 S1_33155 16403 38939
2 S1_7304 16403 38939
1 S1_22224 6878 28378
1 S1_30997 18073 34693
1 S1_29059 13904 27158
1 S1_33042 9554 33994
1 S1_15777 6470 8229
1 S1_9025 12170 35582
1 S1_16648 4552 26735
1 S1_4910 15644 21276
1 S1_29255 4247 26625
1 S1_13379 11374 48892
1 S1_22975 1718 8835
1 S1_12967 12419 13360
1 S1_10849 25609 44700
1 S1_17014 1059 49320
1 S1_20687 22132 29775
1 S1_21546 26374 48502
1 S1_5754 1704 46840
1 S1_6470 46235 48269
1 S1_17481 41817 42947
1 S1_1356 15948 49207
1 S1_21876 669 43447
1 S1_6307 13144 46650
1 S1_20175 20833 46726
1 S1_16025 6303 16306
1 S1_20471 23940 46883
1 S1_22602 43014 43883
1 S1_23353 38758 43860
1 S1_32941 221 21227
1 S1_16708 6689 42354
1 S1_5554 17151 37442
1 S1_31964 45687 45790
1 S1_17853 44254 44540
1 S1_16162 39146 43212
2 S1_19350 39146 43212
1 S1_25364 10688 47813
1 S1_5965 22395 24953
1 S1_27703 16697 16811
1 S1_3174 32239 44337
1 S1_7012 12405 27879
1 S1_21569 8138 40457
1 S1_11694 32923 42499
1 S1_31596 35221 35689
1 S1_8976 12813 47300
1 S1_12835 21086 47742
1 S1_16554 6598 23540
1 S1_31805 25534 42926
1 S1_10737 22626 34821
1 S1_5738 42350 47760
1 S1_3828 35605 36809
1 S1_1104 19517 25188
2 S1_6236 19517 25188
1 S1_19270 15855 23935
1 S1_21443 5707 25974
1 S1_1038 18778 45535
1 S1_25488 5608 11229
1 S1_31238 10325 45316
1 S1_459 37637 45124
1 S1_31998 12210 31350
1 S1_14721 1826 7568
1 S1_10601 40832 43519
1 S1_22084 5207 38134
1 S1_7354 14795 38738
1 S1_948 8495 47664
1 S1_5553 13556 31831
1 S1_19726 18053 48244
1 S1_13191 23149 40561
1 S1_4807 12324 26607
1 S1_29535 117 35890
1 S1_357 12599 21384
1 S1_2472 7883 33673
1 S1_18656 274 22637
1 S1_6723 33625 40056
1 S1_8024 504 49996
1 S1_16115 3649 47941
1 S1_5240 38430 42238
1 S1_42 16756 35356
1 S1_31930 16951 35232
1 S1_15110 7783 9539
1 S1_820 4683 27468
1 S1_21092 1720 47160
1 S1_25864 18829 34868
1 S1_30977 12455 20457
1 S1_1642 8524 47904
1 S1_20449 27365 49844
1 S1_6994 448 12633
1 S1_18549 6386 22934
1 S1_16823 37295 46583
1 S1_27874 34574 37468
1 S1_16539 11094 44963
1 S1_20121 5106 15983
1 S1_10825 11156 45579
1 S1_30177 560 632
1 S1_14557 23576 33605
1 S1_26100 1443 8745
1 S1_5348 13981 24400
1 S1_29767 19873 31791
1 S1_16454 3669 40228
1 S1_17445 11124 47904
1 S1_11784 23770 30255
1 S1_7007 5441 8388
1 S1_30563 15 10397
1 S1_6936 11577 18543
1 S1_28645 310 19869
1 S1_1104 18249 31106
1 S1_6285 15608 21873
1 S1_9790 14050 14189
1 S1_33005 9021 38954
1 S1_19175 6623 10388
1 S1_2974 19948 23291
1 S1_28948 5038 12511
1 S1_22992 3757 10112
1 S1_20369 29524 32770
1 S1_22470 6119 12072
1 S1_18585 25908 42122
1 S1_24944 26728 46569
1 S1_14797 9850 31865
1 S1_16593 11175 35300
1 S1_4341 2120 36415
1 S1_13003 15470 38491
1 S1_16067 46842 48433
1 S1_30998 4540 46527
1 S1_16662 10153 38032
1 S1_23055 5567 31131
2 S1_4044 5567 31131
1 S1_27097 21025 37759
1 S1_32957 16836 41843
1 S1_13492 34707 36245
1 S1_25928 4527 29003
1 S1_27134 8971 12258
1 S1_31685 24874 36588
1 S1_20563 7291 41091
1 S1_17168 31468 48950
1 S1_31421 765 33245
1 S1_28343 11046 49610
1 S1_16149 835 19467
1 S1_23366 9245 30899
1 S1_25286 20030 41946
1 S1_17020 17803 31865
1 S1_13556 3758 41056
1 S1_1832 20664 41775
1 S1_24859 43066 45616
1 S1_19239 14554 38883
1 S1_32572 5215 32359
1 S1_18313 9595 9796
1 S1_11706 17711 18291
1 S1_31349 22108 42457
1 S1_21971 32826 42450
1 S1_27936 22592 45083
1 S1_16797 11262 24366
1 S1_6960 5739 45766
1 S1_25526 32757 38034
1 S1_23669 6867 22745
1 S1_20798 9870 29957
1 S1_21549 30442 39997
1 S1_3604 15501 49691
1 S1_2512 13546 21639
1 S1_2659 4777 47164
1 S1_22088 24888 25030
1 S1_1394 21272 25016
1 S1_15176 8822 21441
1 S1_18495 25695 48479
1 S1_1781 782 31874
1 S1_17546 12684 39484
1 S1_544 1608 42100
1 S1_6013 3338 13407
1 S1_30374 5754 42285
1 S1_15509 7929 38303
1 S1_31238 22642 31239
1 S1_31408 24945 41093
1 S1_2048 29142 38830
1 S1_28728 30650 45630
1 S1_18397 30142 47054
1 S1_22450 21069 34753
1 S1_30268 27025 44134
1 S1_20669 8658 26453
1 S1_1160 2013 16756
1 S1_25593 27246 48339
1 S1_6507 30828 38074
1 S1_17953 14405 20977
1 S1_6656 13406 41180
1 S1_26017 4132 9455
1 S1_22304 2631 19414
1 S1_30600 10222 11734
1 S1_21528 40960 48719
1 S1_13331 377 5127
1 S1_27963 14990 33570
1 S1_29835 35413 38008
1 S1_18169 11929 33247
1 S1_7533 21433 36949
1 S1_6948 15301 23701
1 S1_8248 5816 37031
1 S1_26868 46563 47480
1 S1_30265 37935 40087
1 S1_33328 3731 17028
1 S1_20293 632 21199
2 S1_4093 632 21199
1 S1_740 21668 24555
1 S1_30149 2662 10945
1 S1_24181 19053 37543
1 S1_26350 28107 46327
1 S1_29641 22020 35472
1 S1_22061 36788 48750
1 S1_621 22768 29576
1 S1_805 27025 37808
1 S1_11428 33646 38829
1 S1_33176 38910 43745
1 S1_14928 35024 39950
1 S1_23768 38983 47466
1 S1_25418 40148 48226
1 S1_6694 16642 22817
1 S1_20563 13360 14396
1 S1_25552 1730 21937
1 S1_17381 2782 39305
1 S1_3540 3914 16025
1 S1_18881 17826 27196
1 S1_7503 16347 26817
1 S1_4883 29875 30456
1 S1_3056 370 11289
1 S1_4976 23234 33095
1 S1_11336 9405 11977
1 S1_16642 37529 44799
1 S1_2711 11603 36498
1 S1_10427 7030 49314
2 S1_25853 7030 49314
3 S1_197 7030 49314
1 S1_24753 45763 47683
1 S1_15371 29585 38349
1 S1_14680 24363 50159
1 S1_9406 18179 33953
1 S1_25340 26875 34160
1 S1_11851 14786 25778
1 S1_22171 6168 20916
1 S1_320 19974 39410
1 S1_29718 5101 19253
1 S1_27390 17227 43120
1 S1_24363 4723 9849
1 S1_13489 7162 17364
1 S1_24290 38110 41061
1 S1_12456 16540 43199
1 S1_30984 7274 48826
1 S1_15446 27315 39032
1 S1_25050 6592 39702
1 S1_21007 17143 43540
1 S1_20896 28648 43000
1 S1_25188 5603 46816
1 S1_24508 3924 47884
1 S1_15670 21221 32816
1 S1_6948 17116 46903
1 S1_20519 13708 23573
1 S1_27015 8908 43993
1 S1_12965 4291 48566
1 S1_8504 3578 32301
1 S1_1621 24929 49653
1 S1_18560 38714 49435
1 S1_16322 34119 48874
1 S1_6618 9755 36282
1 S1_2737 8278 39982
1 S1_33061 28694 47801
1 S1_12282 38060 47307
1 S1_29825 22218 33721
1 S1_9934 33354 46527
1 S1_14680 32803 47392
1 S1_5462 10476 26102
1 S1_24547 34581 48636
1 S1_21479 21700 34897
1 S1_33127 318 32176
1 S1_14773 46509 50287
1 S1_25184 30062 48299
1 S1_12195 2396 41614
1 S1_3701 1837 14786
1 S1_29246 15242 17789
1 S1_11410 7533 28964
1 S1_7743 12821 23276
1 S1_4108 8 5466
1 S1_25622 4770 25435
1 S1_3947 26605 38122
1 S1_5592 37488 38683
1 S1_29009 15480 27375
1 S1_10528 14356 39002
1 S1_24464 18402 50367
1 S1_24778 8825 49499
1 S1_1604 14421 20433
1 S1_33011 25491 49810
1 S1_1052 16461 46464
1 S1_30680 10884 11262
1 S1_30961 18225 41418
1 S1_29330 39757 47268
1 S1_27770 13359 20426
1 S1_20780 395 14384
1 S1_16560 5204 17253
1 S1_18861 4925 9249
1 S1_18906 44462 47064
1 S1_5239 19548 36106
1 S1_27914 12679 43172
1 S1_32041 18425 28822
1 S1_8657 19539 43361
1 S1_23223 11982 32030
1 S1_23530 25998 35537
1 S1_14373 6045 39321
1 S1_8644 4244 7769
1 S1_3680 3792 5629
1 S1_19978 32706 42238
1 S1_29756 38071 40324
1 S1_16434 4513 43690
1 S1_3090 4798 36989
1 S1_21159 14273 20731
1 S1_28754 14814 33259
1 S1_3001 20732 46621
1 S1_17100 9675 27398
1 S1_27197 34197 48509
1 S1_1102 3344 24534
1 S1_31568 15020 32622
1 S1_19089 5789 46543
1 S1_31119 3827 31302
1 S1_5754 31490 49784
1 S1_28872 6908 12262
1 S1_30163 11256 43346
1 S1_20324 8351 28972
1 S1_9580 17471 45474
1 S1_25077 3562 15988
1 S1_11663 39686 45498
1 S1_6948 701 1204
1 S1_3791 9609 38044
2 S1_5450 9609 38044
1 S1_10093 35747 40591
1 S1_15292 6878 22852
1 S1_16787 24007 36267
1 S1_24156 6763 10029
1 S1_19087 7899 44084
1 S1_22991 18011 30453
1 S1_1951 11480 35294
1 S1_12160 13054 50405
1 S1_10377 23440 41184
1 S1_24617 29360 33723
1 S1_12827 12929 26262
1 S1_19581 9000 21035
1 S1_857 25030 35310
1 S1_7194 16817 43821
1 S1_27538 23448 34273
1 S1_21164 16951 32088
1 S1_20202 28783 30385
1 S1_18419 15613 37216
1 S1_26552 19197 49265
1 S1_1492 5803 19113
1 S1_17029 27870 40941
1 S1_27504 31687 48728
1 S1_25822 43133 45111
1 S1_19178 8246 40582
1 S1_19503 723 16807
1 S1_12420 8029 35864
1 S1_11539 8468 32487
1 S1_18248 16453 46840
1 S1_4669 31794 33128
1 S1_31004 4570 43133
1 S1_7287 29749 37236
1 S1_26758 14239 30505
1 S1_29660 15850 42872
1 S1_15903 27919 32313
1 S1_22761 19958 23610
1 S1_25352 28035 43225
1 S1_31478 4770 41677
1 S1_22756 20499 26824
1 S1_8025 12493 31311
1 S1_2205 12714 37933
1 S1_23607 2745 26340
1 S1_13596 4003 13913
1 S1_7556 16366 25137
1 S1_29733 22028 29642
1 S1_22947 14533 25564
1 S1_507 8463 23577
1 S1_28530 8958 47615
1 S1_9017 21350 30681
1 S1_29517 24224 28849
1 S1_3621 5625 40960
1 S1_6493 29977 46543
1 S1_18140 23504 37830
1 S1_18534 5063 42392
1 S1_28948 14408 29864
1 S1_21202 23455 43256
1 S1_19779 24402 34401
1 S1_5022 2743 25430
1 S1_2153 407 3818
1 S1_9513 10790 40986
1 S1_21224 1198 11350
1 S1_18733 30337 32552
1 S1_11951 33259 45360
1 S1_21683 15105 19857
1 S1_31394 14409 34745
1 S1_21894 153 26414
1 S1_21582 43 45608
1 S1_32758 25544 44485
1 S1_22729 4937 35769
1 S1_16241 19494 43806
1 S1_33290 705 10107
1 S1_11484 2958 41544
1 S1_13662 16194 23011
1 S1_21447 23609 31342
1 S1_32420 5082 44654
1 S1_26648 4646 43234
1 S1_3876 12857 36348
1 S1_24560 7568 47474
1 S1_24473 7297 8045
1 S1_15931 1648 12407
1 S1_32088 14066 36286
1 S1_12540 25193 47038
1 S1_20481 6612 48149
1 S1_16156 294 44632
1 S1_24689 21641 35248
1 S1_19431 16853 22904
1 S1_19690 19324 42020
1 S1_7254 2596 8560
1 S1_19006 27668 34772
1 S1_24564 2770 45935
1 S1_30481 6154 29041
1 S1_10991 2631 45549
1 S1_32717 6733 13699
1 S1_28474 31811 37185
1 S1_20683 17917 30155
1 S1_30113 20945 49621
1 S1_30977 18647 36946
1 S1_31069 29793 40865
1 S1_20207 14181 24007
2 S1_22241 14181 24007
1 S1_9499 2473 18646
1 S1_9732 2495 4008
1 S1_4031 19926 39112
1 S1_24921 2364 36132
1 S1_28521 10888 17630
1 S1_7296 19987 40927
1 S1_30931 11046 20339
1 S1_40 38284 40229
1 S1_6978 33124 41316
1 S1_9838 7096 21613
1 S1_14502 10491 35983
1 S1_31499 5346 40695
1 S1_22341 22458 41418
1 S1_5428 5001 43933
1 S1_22311 1709 12455
1 S1_22474 36325 49474
1 S1_1881 5020 48244
1 S1_19538 19936 40653
1 S1_26653 23246 23721
1 S1_22234 33889 37522
1 S1_8426 36189 46246
1 S1_17575 5533 20231
1 S1_637 19793 49242
1 S1_27981 34876 39663
1 S1_10659 4717 35446
1 S1_27635 216 15242
1 S1_8470 1725 49937
1 S1_2958 28994 46170
1 S1_29030 33836 37403
1 S1_26130 37516 49906
1 S1_14947 14517 22767
1 S1_8209 29509 40018
1 S1_2083 7765 50064
1 S1_32904 5487 34933
1 S1_9561 6239 49278
1 S1_19220 777 14408
1 S1_16566 25144 42534
1 S1_11832 6379 15930
1 S1_30984 208 25621
1 S1_23739 23393 27873
1 S1_22588 36892 45697
1 S1_20175 7151 42020
1 S1_21091 580 42716
1 S1_27970 19154 46131
1 S1_12183 21628 22034
1 S1_30014 34 44646
1 S1_28056 25091 31933
1 S1_7776 38699 38919
1 S1_30452 42213 49474
1 S1_2110 754 49079
1 S1_26222 44132 49500
1 S1_10028 3374 21077
1 S1_20080 23120 39962
1 S1_24876 12439 16037
1 S1_16558 4885 26318
1 S1_23739 28819 42651
2 S1_5598 28819 42651
1 S1_28051 6572 31669
1 S1_4628 11895 18857
1 S1_25588 2067 20824
1 S1_14017 3869 27483
1 S1_31683 18241 27162
1 S1_14322 23595 38998
1 S1_9894 1374 14947
1 S1_28060 26894 42238
1 S1_10132 3183 10553
1 S1_2426 2507 29370
1 S1_15182 852 6409
1 S1_26875 37827 42837
1 S1_25858 9290 30380
1 S1_7964 7485 39484
1 S1_7412 31423 35153
1 S1_2320 9328 16042
1 S1_8578 21535 46506
1 S1_15752 6341 36760
1 S1_28697 24604 40799
1 S1_10884 36013 48013
1 S1_13773 4364 37588
1 S1_21758 33938 35029
1 S1_14076 17236 32166
1 S1_10889 12176 49448
1 S1_22783 23249 48199
1 S1_6971 24959 25509
1 S1_11031 20166 48721
1 S1_7671 13282 43185
1 S1_25591 6979 47641
1 S1_14433 37849 38131
1 S1_18717 40340 48412
1 S1_23949 15755 42909
2 S1_26343 15755 42909
1 S1_18097 9346 14281
1 S1_17398 24431 26252
1 S1_18084 10024 28389
1 S1_20914 27341 46819
1 S1_8250 31865 50125
1 S1_10089 11262 43360
1 S1_6605 109 24151
1 S1_24614 5052 7927
1 S1_30582 25746 33473
1 S1_5693 8560 17702
1 S1_3645 10325 14358
1 S1_29853 6003 46221
1 S1_7551 15201 20387
1 S1_2030 11041 24151
1 S1_9506 21668 22142
1 S1_2474 32260 40717
1 S1_9142 39982 45885
1 S1_31983 11262 42189
1 S1_17574 15613 24757
1 S1_11067 16105 20704
1 S1_31673 28206 28321
1 S1_12885 17238 27103
1 S1_9546 12875 16366
1 S1_28733 6735 20942
1 S1_21057 7222 37520
1 S1_13446 41109 46763
1 S1_6023 2795 25983
1 S1_32593 4458 26321
1 S1_19273 31332 32842
1 S1_16666 12425 49544
1 S1_4285 15608 47575
1 S1_6975 32685 45973
1 S1_24219 21639 36234
1 S1_32492 6124 42534
1 S1_21444 22573 29898
1 S1_20583 13561 34874
1 S1_22436 18552 27745
2 S1_9483 18552 27745
1 S1_1253 1964 10362
1 S1_26627 2899 45765
1 S1_4512 31788 42477
1 S1_29261 24613 49784
1 S1_9930 31923 37368
1 S1_23919 19191 24128
1 S1_7734 31839 49051
1 S1_3723 33411 44173
1 S1_13972 11445 27637
1 S1_21565 4320 44734
1 S1_19902 4555 31086
1 S1_8088 4103 47436
1 S1_9892 5439 48165
1 S1_5045 18578 49394
1 S1_31452 8463 16583
1 S1_31701 21200 49970
1 S1_22569 12126 29437
1 S1_24559 10943 31452
1 S1_27993 2726 45573
1 S1_27101 2634 26500
1 S1_11587 14885 28393
1 S1_7374 19105 33774
1 S1_4766 4061 43334
1 S1_31262 29370 35456
1 S1_7283 30482 40829
1 S1_25204 26572 49641
1 S1_11537 18078 20948
1 S1_30248 29836 36291
1 S1_31287 20187 36556
1 S1_22300 16928 17334
1 S1_31552 4832 12479
1 S1_8432 10521 20066
1 S1_10806 33282 50167
1 S1_20508 6270 38514
1 S1_3195 18287 39361
1 S1_6674 14705 36655
1 S1_20687 295 44797
1 S1_32492 24127 30585
1 S1_15706 6562 26553
1 S1_13641 5795 25557
1 S1_27259 4379 5234
1 S1_2111 6681 17722
1 S1_32611 39606 46438
1 S1_4791 2768 37527
1 S1_14733 46827 50241
1 S1_10481 32194 33859
1 S1_15631 18587 40303
1 S1_6839 23434 26319
1 S1_14223 663 12732
1 S1_735 33751 36583
1 S1_16534 3640 7345
1 S1_19500 9336 12180
1 S1_12050 3027 43044
1 S1_12816 8598 29082
1 S1_4892 45637 46265
1 S1_10155 11437 34940
1 S1_28596 7186 48509
1 S1_26183 18870 45276
1 S1_31983 34710 44599
1 S1_10074 18553 47014
1 S1_19609 2246 43359
1 S1_13462 6631 32069
1 S1_12232 6355 20037
1 S1_2634 404 6207
1 S1_30919 15254 41693
1 S1_19870 35560 36776
1 S1_20872 1916 24778
1 S1_3376 2661 9687
1 S1_26678 26538 28378
1 S1_16316 44056 47339
2 S1_3195 44056 47339
1 S1_28899 4249 43231
1 S1_7468 26616 31856
1 S1_30013 31782 42748
1 S1_19285 11679 31923
1 S1_7319 10325 14880
1 S1_29855 14990 30335
1 S1_2793 11875 45494
1 S1_32767 35354 45120
1 S1_3478 25931 31221
1 S1_16446 21753 25937
1 S1_24605 5793 44493
1 S1_17661 13703 44183
1 S1_19766 43565 45810
1 S1_15954 20962 22809
1 S1_27572 4325 21906
1 S1_17953 25236 25984
1 S1_30543 13846 29870
1 S1_4450 33633 41794
1 S1_11281 20226 40018
1 S1_25998 1018 5908
1 S1_30682 40082 43425
1 S1_31533 6332 30962
1 S1_18249 19950 24300
1 S1_19431 6020 45430
1 S1_22203 4165 8000
1 S1_11212 36700 42872
1 S1_15130 34401 34874
1 S1_1980 30048 47966
1 S1_24872 7621 21337
1 S1_10032 37657 42136
1 S1_29756 29140 30110
1 S1_21028 14241 29806
1 S1_27805 9391 18075
1 S1_5148 19178 35360
1 S1_19501 11409 37930
1 S1_22923 26890 37887
1 S1_2042 5941 28781
1 S1_10385 9237 48966
1 S1_7865 5031 11499
1 S1_26832 16915 23957
1 S1_861 17324 23679
1 S1_30257 25141 25197
1 S1_12754 42038 49691
2 S1_31119 42038 49691
1 S1_20906 10072 43690
1 S1_4582 377 44574
1 S1_18817 15054 18432
1 S1_22171 22681 36624
1 S1_4214 15451 30257
1 S1_23129 16562 44256
1 S1_11509 22481 49710
1 S1_22224 17124 21556
1 S1_3384 5435 24759
1 S1_1847 24790 47664
1 S1_26960 9190 13738
1 S1_1193 8683 45690
1 S1_22315 19470 40771
1 S1_30255 21986 47344
1 S1_7147 40112 45606
1 S1_28598 4994 37212
1 S1_7084 5710 37304
1 S1_20069 17522 41316
1 S1_28632 42065 42522
2 S1_6825 42065 42522
1 S1_17030 36464 42449
1 S1_22967 6906 36187
1 S1_29257 25487 49056
1 S1_1234 8411 27289
1 S1_22632 26261 43235
1 S1_23375 34829 43732
1 S1_24536 20961 38670
1 S1_20068 25723 32636
1 S1_28374 29007 40211
1 S1_12792 3943 39028
1 S1_32293 22076 34963
1 S1_3090 29539 37914
1 S1_19360 20071 30794
1 S1_30562 15040 41515
1 S1_32797 19403 32082
1 S1_9266 4851 21369
1 S1_3000 29793 40483
1 S1_19168 29520 44961
1 S1_26927 37386 41403
1 S1_5715 12152 45725
1 S1_31214 15262 26908
1 S1_33027 41675 46135
1 S1_25051 2309 30453
1 S1_5610 964 37403
1 S1_25471 38036 41245
1 S1_12943 4184 44632
1 S1_20987 16022 23268
1 S1_29649 2908 3374
1 S1_10638 23884 46275
1 S1_20181 45 25763
1 S1_13672 32854 38441
1 S1_13683 141 43521
1 S1_24984 21955 37716
1 S1_22970 4920 29926
1 S1_4214 11262 22720
1 S1_30102 2995 35834
1 S1_2687 4007 4012
1 S1_28375 10459 33021
1 S1_14385 18265 34789
1 S1_11818 30801 43562
1 S1_19929 29951 44519
1 S1_9508 14218 44645
1 S1_280 15610 26850
1 S1_29411 153 39693
1 S1_16205 35854 43230
1 S1_19902 6924 43422
1 S1_21158 23179 47368
1 S1_23319 29175 48393
1 S1_26088 13412 30304
1 S1_32544 7043 10926
1 S1_28446 11706 28549
1 S1_6522 34196 42779
1 S1_12590 605 7307
1 S1_1861 35192 44304
1 S1_27890 16922 27938
1 S1_18068 12645 39272
1 S1_15625 11991 39962
1 S1_32080 14950 46231
1 S1_22871 19974 47259
1 S1_2996 2736 28994
1 S1_1119 1385 32021
1 S1_30600 16931 40062
1 S1_11981 2726 38745
1 S1_31911 18131 19516
1 S1_15681 12821 32490
1 S1_16007 9137 21210
1 S1_10054 36639 42040
1 S1_14100 5114 22076
1 S1_23610 17559 31799
1 S1_15411 23263 45858
1 S1_9366 7543 37212
1 S1_16368 26485 46903
1 S1_28274 37107 49641
1 S1_28719 23748 42851
1 S1_4502 31416 40157
1 S1_1275 39251 42125
1 S1_29756 37227 48263
1 S1_12251 28022 34104
1 S1_24644 10553 49207
1 S1_3001 38962 45735
1 S1_15110 7577 13263
1 S1_31530 27566 32509
1 S1_9535 24545 48776
1 S1_21200 40253 42847
1 S1_29093 6158 14726
1 S1_24578 7739 39446
1 S1_2030 15077 33262
1 S1_13181 7202 26063
1 S1_21416 22079 22825
1 S1_22225 1725 11684
1 S1_2430 27378 28715
1 S1_896 630 41772
1 S1_19373 12715 48119
2 S1_7302 12715 48119
1 S1_3244 3057 11878
1 S1_16490 2344 43358
1 S1_14780 25873 29669
1 S1_32922 10493 32533
1 S1_14680 24061 33472
1 S1_16005 13209 43508
1 S1_6734 893 27289
1 S1_7836 33804 46369
1 S1_32921 25276 27604
1 S1_959 3705 38634
1 S1_15799 9631 44689
1 S1_17446 13902 27405
2 S1_7169 13902 27405
1 S1_18968 36791 45573
1 S1_29030 6399 41376
1 S1_19534 5714 34297
2 S1_28335 5714 34297
1 S1_14680 238 15053
1 S1_13863 9741 28678
1 S1_18249 5795 41453
1 S1_20417 36370 45055
1 S1_19261 18894 42962
1 S1_11454 6979 32475
1 S1_4016 2904 29743
1 S1_10089 9608 50016
1 S1_21776 28927 43782
1 S1_11158 22632 45782
1 S1_7909 15470 44881
1 S1_707 47668 49459
1 S1_25577 33223 39962
2 S1_7997 33223 39962
1 S1_6733 6020 24290
1 S1_22377 19164 22759
1 S1_11445 31483 35796
1 S1_418 27018 30255
1 S1_27378 9596 45431
1 S1_16591 12174 17349
2 S1_31419 12174 17349
1 S1_31701 5892 18212
1 S1_13839 38524 45018
1 S1_11236 38881 40891
1 S1_21255 1589 36585
1 S1_31311 34516 43473
1 S1_5499 986 26360
1 S1_30937 3749 46532
1 S1_24816 11218 44736
1 S1_3273 29759 36104
1 S1_17953 10434 36245
1 S1_28719 1958 8526
1 S1_18080 13984 23375
1 S1_5778 1720 32895
1 S1_24253 30905 34697
1 S1_32360 909 19403
1 S1_18419 7673 14784
1 S1_4580 18764 30760
1 S1_6717 33396 47523
1 S1_32345 483 31430
1 S1_4575 1436 45304
1 S1_4308 41370 49906
1 S1_17052 15613 15847
1 S1_9330 20426 48509
1 S1_642 22693 50171
1 S1_26865 42283 42802
1 S1_18382 32956 48316
1 S1_27564 31804 35074
1 S1_15182 4726 36357
1 S1_20203 1560 30782
1 S1_106 11011 16363
1 S1_1095 1802 22631
1 S1_23507 585 49168
1 S1_8426 17154 26790
1 S1_23739 12645 40569
1 S1_22535 30241 32773
1 S1_7319 38025 41147
1 S1_2790 32824 39521
1 S1_18642 31229 41793
1 S1_20294 32068 36815
1 S1_8860 27058 45589
1 S1_16075 45404 47508
1 S1_3590 2705 28994
1 S1_12633 24534 25197
1 S1_31625 21245 27928
1 S1_19342 10448 17609
1 S1_9115 3057 8916
1 S1_29626 23720 29836
1 S1_33226 11822 37022
1 S1_11823 27811 29927
1 S1_1717 23131 44624
1 S1_5394 11312 16748
1 S1_20040 4622 8105
1 S1_23722 10342 14601
1 S1_9079 4185 50173
1 S1_14491 12732 18571
1 S1_27564 19229 28606
1 S1_17339 19459 47322
1 S1_13043 949 23697
1 S1_8789 5865 10478
1 S1_18661 45327 49898
1 S1_23421 22885 40469
1 S1_19772 523 40941
1 S1_18347 26284 44815
1 S1_30501 30195 35483
1 S1_16322 24499 29119
1 S1_11745 18223 40859
1 S1_19647 37288 41387
1 S1_10679 8976 34086
1 S1_20926 6766 6953
1 S1_15411 18945 19823
1 S1_14156 13638 44755
1 S1_33394 13548 17896
1 S1_4751 5891 22704
1 S1_6302 4666 30385
1 S1_22938 15461 23263
1 S1_18248 32337 47980
1 S1_6357 4012 19270
1 S1_23847 8633 36613
1 S1_10339 22369 27615
1 S1_14195 2355 49255
1 S1_13874 13123 16680
1 S1_18730 13144 32733
2 S1_28494 13144 32733
1 S1_24955 36131 44776
1 S1_31287 7822 36760
1 S1_22099 41865 43821
