1 S1_2284 11103 20773
1 S1_15702 14072 29870
1 S1_26827 13536 18134
1 S1_13492 15233 36542
1 S1_32439 20420 48331
1 S1_21517 20407 23620
1 S1_29573 12410 20160
1 S1_18162 37047 42983
1 S1_24297 43691 46573
1 S1_17250 21960 50009
1 S1_11336 39025 39448
1 S1_16280 10797 31369
1 S1_19549 5699 37527
1 S1_30602 27879 29461
1 S1_11 6002 48112
1 S1_1860 974 11723
1 S1_11832 9283 18407
1 S1_3689 25306 45336
1 S1_30953 34679 41173
1 S1_13968 12017 14537
1 S1_11552 20987 26477
1 S1_30778 6853 49138
1 S1_4413 15395 49096
1 S1_16161 35666 39856
1 S1_1062 7653 21004
1 S1_5272 26662 46151
1 S1_32717 25885 46848
1 S1_10030 5056 47798
1 S1_13167 13235 49533
1 S1_23314 12067 47038
1 S1_2049 21198 29102
1 S1_16886 4879 46222
1 S1_1489 8388 15173
1 S1_19125 15133 15861
1 S1_23089 24208 27877
1 S1_1394 11262 22188
1 S1_1388 6545 32228
1 S1_16169 7731 16738
1 S1_20901 7166 31481
1 S1_3021 39217 40246
1 S1_2139 9455 34538
1 S1_9603 15779 27289
1 S1_19171 9608 21882
1 S1_23610 29111 42407
1 S1_28060 13238 40603
1 S1_30090 6129 35666
1 S1_2286 32166 45069
1 S1_25574 5795 32636
1 S1_14363 8229 19180
1 S1_15260 1279 26730
1 S1_20154 12191 36726
1 S1_15994 18641 48661
1 S1_19902 6828 33754
1 S1_33155 16403 38939
1 S1_16162 39146 43212
1 S1_1104 19517 25188
1 S1_23055 5567 31131
1 S1_20293 632 21199
1 S1_10427 7030 49314
1 S1_3791 9609 38044
1 S1_20207 14181 24007
1 S1_23949 15755 42909
1 S1_22436 18552 27745
1 S1_16316 44056 47339
1 S1_12754 42038 49691
1 S1_28632 42065 42522
1 S1_19373 12715 48119
1 S1_17446 13902 27405
1 S1_19534 5714 34297
1 S1_25577 33223 39962
1 S1_16591 12174 17349
1 S1_18730 13144 32733
