78756 78756 N -19 -19 0.0 0.0
78756 78756 N 19 19 0.0 0.0
68906 68906 I 1 1 0.0 0.0
68906 68906 I 1 1 0.0 0.0
78255 78255 I 9 9 0.0 0.0
78255 78255 I 9 9 0.0 0.0
15648 15648 I -66 -66 0.0 0.0
15648 15648 I -66 -66 0.0 0.0
38716 38716 I 16 16 0.0 0.0
38716 38716 I 16 16 0.0 0.0
41535 41535 I -5 -5 0.0 0.0
41535 41535 I -5 -5 0.0 0.0
85748 85748 I 2 2 0.0 0.0
85748 85748 I 2 2 0.0 0.0
36904 36904 I -5 -5 0.0 0.0
36904 36904 I -5 -5 0.0 0.0
68906 68906 I -1 -1 0.0 0.0
68906 68906 I -1 -1 0.0 0.0
100562 100562 I -9 -9 0.0 0.0
100562 100562 I -9 -9 0.0 0.0
82375 82375 I -5 -5 0.0 0.0
82375 82375 I -5 -5 0.0 0.0
